0	0	9.733333	99.959059
2	-2	7.714286	99.967247
2	-1	10.742857	99.975436
2	0	11.752381	99.983624
2	1	10.742857	99.991812
2	2	7.714286	100.000000
4	-4	7.163636	100.000000
4	-3	9.090909	100.000000
4	-2	10.467532	100.000000
4	-1	11.293506	100.000000
4	0	11.568831	100.000000
4	1	11.293506	100.000000
4	2	10.467532	100.000000
4	3	9.090909	100.000000
4	4	7.163636	100.000000
6	-6	6.906667	100.000000
6	-5	8.320000	100.000000
6	-4	9.476364	100.000000
6	-3	10.375758	100.000000
6	-2	11.018182	100.000000
6	-1	11.403636	100.000000
6	0	11.532121	100.000000
6	1	11.403636	100.000000
6	2	11.018182	100.000000
6	3	10.375758	100.000000
6	4	9.476364	100.000000
6	5	8.320000	100.000000
6	6	6.906667	100.000000
8	-8	6.757895	100.000000
8	-7	7.873684	100.000000
8	-6	8.840702	100.000000
8	-5	9.658947	100.000000
8	-4	10.328421	100.000000
8	-3	10.849123	100.000000
8	-2	11.221053	100.000000
8	-1	11.444211	100.000000
8	0	11.518596	100.000000
8	1	11.444211	100.000000
8	2	11.221053	100.000000
8	3	10.849123	100.000000
8	4	10.328421	100.000000
8	5	9.658947	100.000000
8	6	8.840702	100.000000
8	7	7.873684	100.000000
8	8	6.757895	100.000000
10	-10	6.660870	100.000000
10	-9	7.582609	100.000000
10	-8	8.407323	100.000000
10	-7	9.135011	100.000000
10	-6	9.765675	100.000000
10	-5	10.299314	100.000000
10	-4	10.735927	100.000000
10	-3	11.075515	100.000000
10	-2	11.318078	100.000000
10	-1	11.463616	100.000000
10	0	11.512128	100.000000
10	1	11.463616	100.000000
10	2	11.318078	100.000000
10	3	11.075515	100.000000
10	4	10.735927	100.000000
10	5	10.299314	100.000000
10	6	9.765675	100.000000
10	7	9.135011	100.000000
10	8	8.407323	100.000000
10	9	7.582609	100.000000
10	10	6.660870	100.000000
12	-12	6.592593	100.000000
12	-11	7.377778	100.000000
12	-10	8.094686	100.000000
12	-9	8.743317	100.000000
12	-8	9.323671	100.000000
12	-7	9.835749	100.000000
12	-6	10.279549	100.000000
12	-5	10.655072	100.000000
12	-4	10.962319	100.000000
12	-3	11.201288	100.000000
12	-2	11.371981	100.000000
12	-1	11.474396	100.000000
12	0	11.508535	100.000000
12	1	11.474396	100.000000
12	2	11.371981	100.000000
12	3	11.201288	100.000000
12	4	10.962319	100.000000
12	5	10.655072	100.000000
12	6	10.279549	100.000000
12	7	9.835749	100.000000
12	8	9.323671	100.000000
12	9	8.743317	100.000000
12	10	8.094686	100.000000
12	11	7.377778	100.000000
12	12	6.592593	100.000000
14	-14	6.541935	100.000000
14	-13	7.225806	100.000000
14	-12	7.859020	100.000000
14	-11	8.441577	100.000000
14	-10	8.973477	100.000000
14	-9	9.454719	100.000000
14	-8	9.885305	100.000000
14	-7	10.265233	100.000000
14	-6	10.594504	100.000000
14	-5	10.873118	100.000000
14	-4	11.101075	100.000000
14	-3	11.278375	100.000000
14	-2	11.405018	100.000000
14	-1	11.481004	100.000000
14	0	11.506332	100.000000
14	1	11.481004	100.000000
14	2	11.405018	100.000000
14	3	11.278375	100.000000
14	4	11.101075	100.000000
14	5	10.873118	100.000000
14	6	10.594504	100.000000
14	7	10.265233	100.000000
14	8	9.885305	100.000000
14	9	9.454719	100.000000
14	10	8.973477	100.000000
14	11	8.441577	100.000000
14	12	7.859020	100.000000
14	13	7.225806	100.000000
14	14	6.541935	100.000000
16	-16	6.502857	100.000000
16	-15	7.108571	100.000000
16	-14	7.675207	100.000000
16	-13	8.202765	100.000000
16	-12	8.691244	100.000000
16	-11	9.140645	100.000000
16	-10	9.550968	100.000000
16	-9	9.922212	100.000000
16	-8	10.254378	100.000000
16	-7	10.547465	100.000000
16	-6	10.801475	100.000000
16	-5	11.016406	100.000000
16	-4	11.192258	100.000000
16	-3	11.329032	100.000000
16	-2	11.426728	100.000000
16	-1	11.485346	100.000000
16	0	11.504885	100.000000
16	1	11.485346	100.000000
16	2	11.426728	100.000000
16	3	11.329032	100.000000
16	4	11.192258	100.000000
16	5	11.016406	100.000000
16	6	10.801475	100.000000
16	7	10.547465	100.000000
16	8	10.254378	100.000000
16	9	9.922212	100.000000
16	10	9.550968	100.000000
16	11	9.140645	100.000000
16	12	8.691244	100.000000
16	13	8.202765	100.000000
16	14	7.675207	100.000000
16	15	7.108571	100.000000
16	16	6.502857	100.000000
18	-18	6.471795	100.000000
18	-17	7.015385	100.000000
18	-16	7.527912	100.000000
18	-15	8.009377	100.000000
18	-14	8.459780	100.000000
18	-13	8.879121	100.000000
18	-12	9.267399	100.000000
18	-11	9.624615	100.000000
18	-10	9.950769	100.000000
18	-9	10.245861	100.000000
18	-8	10.509890	100.000000
18	-7	10.742857	100.000000
18	-6	10.944762	100.000000
18	-5	11.115604	100.000000
18	-4	11.255385	100.000000
18	-3	11.364103	100.000000
18	-2	11.441758	100.000000
18	-1	11.488352	100.000000
18	0	11.503883	100.000000
18	1	11.488352	100.000000
18	2	11.441758	100.000000
18	3	11.364103	100.000000
18	4	11.255385	100.000000
18	5	11.115604	100.000000
18	6	10.944762	100.000000
18	7	10.742857	100.000000
18	8	10.509890	100.000000
18	9	10.245861	100.000000
18	10	9.950769	100.000000
18	11	9.624615	100.000000
18	12	9.267399	100.000000
18	13	8.879121	100.000000
18	14	8.459780	100.000000
18	15	8.009377	100.000000
18	16	7.527912	100.000000
18	17	7.015385	100.000000
18	18	6.471795	100.000000
20	-20	6.446512	100.000000
20	-19	6.939535	100.000000
20	-18	7.407275	100.000000
20	-17	7.849732	100.000000
20	-16	8.266905	100.000000
20	-15	8.658795	100.000000
20	-14	9.025403	100.000000
20	-13	9.366726	100.000000
20	-12	9.682767	100.000000
20	-11	9.973524	100.000000
20	-10	10.238998	100.000000
20	-9	10.479189	100.000000
20	-8	10.694097	100.000000
20	-7	10.883721	100.000000
20	-6	11.048062	100.000000
20	-5	11.187120	100.000000
20	-4	11.300894	100.000000
20	-3	11.389386	100.000000
20	-2	11.452594	100.000000
20	-1	11.490519	100.000000
20	0	11.503160	100.000000
20	1	11.490519	100.000000
20	2	11.452594	100.000000
20	3	11.389386	100.000000
20	4	11.300894	100.000000
20	5	11.187120	100.000000
20	6	11.048062	100.000000
20	7	10.883721	100.000000
20	8	10.694097	100.000000
20	9	10.479189	100.000000
20	10	10.238998	100.000000
20	11	9.973524	100.000000
20	12	9.682767	100.000000
20	13	9.366726	100.000000
20	14	9.025403	100.000000
20	15	8.658795	100.000000
20	16	8.266905	100.000000
20	17	7.849732	100.000000
20	18	7.407275	100.000000
20	19	6.939535	100.000000
20	20	6.446512	100.000000
22	-22	6.425532	100.000000
22	-21	6.876596	100.000000
22	-20	7.306680	100.000000
22	-19	7.715784	100.000000
22	-18	8.103909	100.000000
22	-17	8.471054	100.000000
22	-16	8.817219	100.000000
22	-15	9.142405	100.000000
22	-14	9.446611	100.000000
22	-13	9.729837	100.000000
22	-12	9.992083	100.000000
22	-11	10.233350	100.000000
22	-10	10.453637	100.000000
22	-9	10.652944	100.000000
22	-8	10.831272	100.000000
22	-7	10.988619	100.000000
22	-6	11.124988	100.000000
22	-5	11.240376	100.000000
22	-4	11.334785	100.000000
22	-3	11.408214	100.000000
22	-2	11.460663	100.000000
22	-1	11.492133	100.000000
22	0	11.502622	100.000000
22	1	11.492133	100.000000
22	2	11.460663	100.000000
22	3	11.408214	100.000000
22	4	11.334785	100.000000
22	5	11.240376	100.000000
22	6	11.124988	100.000000
22	7	10.988619	100.000000
22	8	10.831272	100.000000
22	9	10.652944	100.000000
22	10	10.453637	100.000000
22	11	10.233350	100.000000
22	12	9.992083	100.000000
22	13	9.729837	100.000000
22	14	9.446611	100.000000
22	15	9.142405	100.000000
22	16	8.817219	100.000000
22	17	8.471054	100.000000
22	18	8.103909	100.000000
22	19	7.715784	100.000000
22	20	7.306680	100.000000
22	21	6.876596	100.000000
22	22	6.425532	100.000000
24	-24	6.407843	100.000000
24	-23	6.823529	100.000000
24	-22	7.221527	100.000000
24	-21	7.601836	100.000000
24	-20	7.964456	100.000000
24	-19	8.309387	100.000000
24	-18	8.636629	100.000000
24	-17	8.946183	100.000000
24	-16	9.238048	100.000000
24	-15	9.512224	100.000000
24	-14	9.768711	100.000000
24	-13	10.007509	100.000000
24	-12	10.228619	100.000000
24	-11	10.432040	100.000000
24	-10	10.617772	100.000000
24	-9	10.785816	100.000000
24	-8	10.936170	100.000000
24	-7	11.068836	100.000000
24	-6	11.183813	100.000000
24	-5	11.281101	100.000000
24	-4	11.360701	100.000000
24	-3	11.422612	100.000000
24	-2	11.466834	100.000000
24	-1	11.493367	100.000000
24	0	11.502211	100.000000
24	1	11.493367	100.000000
24	2	11.466834	100.000000
24	3	11.422612	100.000000
24	4	11.360701	100.000000
24	5	11.281101	100.000000
24	6	11.183813	100.000000
24	7	11.068836	100.000000
24	8	10.936170	100.000000
24	9	10.785816	100.000000
24	10	10.617772	100.000000
24	11	10.432040	100.000000
24	12	10.228619	100.000000
24	13	10.007509	100.000000
24	14	9.768711	100.000000
24	15	9.512224	100.000000
24	16	9.238048	100.000000
24	17	8.946183	100.000000
24	18	8.636629	100.000000
24	19	8.309387	100.000000
24	20	7.964456	100.000000
24	21	7.601836	100.000000
24	22	7.221527	100.000000
24	23	6.823529	100.000000
24	24	6.407843	100.000000
26	-26	6.392727	100.000000
26	-25	6.778182	100.000000
26	-24	7.148520	100.000000
26	-23	7.503743	100.000000
26	-22	7.843850	100.000000
26	-21	8.168841	100.000000
26	-20	8.478717	100.000000
26	-19	8.773476	100.000000
26	-18	9.053119	100.000000
26	-17	9.317647	100.000000
26	-16	9.567059	100.000000
26	-15	9.801355	100.000000
26	-14	10.020535	100.000000
26	-13	10.224599	100.000000
26	-12	10.413547	100.000000
26	-11	10.587380	100.000000
26	-10	10.746096	100.000000
26	-9	10.889697	100.000000
26	-8	11.018182	100.000000
26	-7	11.131551	100.000000
26	-6	11.229804	100.000000
26	-5	11.312941	100.000000
26	-4	11.380963	100.000000
26	-3	11.433868	100.000000
26	-2	11.471658	100.000000
26	-1	11.494332	100.000000
26	0	11.501889	100.000000
26	1	11.494332	100.000000
26	2	11.471658	100.000000
26	3	11.433868	100.000000
26	4	11.380963	100.000000
26	5	11.312941	100.000000
26	6	11.229804	100.000000
26	7	11.131551	100.000000
26	8	11.018182	100.000000
26	9	10.889697	100.000000
26	10	10.746096	100.000000
26	11	10.587380	100.000000
26	12	10.413547	100.000000
26	13	10.224599	100.000000
26	14	10.020535	100.000000
26	15	9.801355	100.000000
26	16	9.567059	100.000000
26	17	9.317647	100.000000
26	18	9.053119	100.000000
26	19	8.773476	100.000000
26	20	8.478717	100.000000
26	21	8.168841	100.000000
26	22	7.843850	100.000000
26	23	7.503743	100.000000
26	24	7.148520	100.000000
26	25	6.778182	100.000000
26	26	6.392727	100.000000
28	-28	6.379661	100.000000
28	-27	6.738983	100.000000
28	-26	7.085239	100.000000
28	-25	7.418428	100.000000
28	-24	7.738552	100.000000
28	-23	8.045609	100.000000
28	-22	8.339599	100.000000
28	-21	8.620524	100.000000
28	-20	8.888382	100.000000
28	-19	9.143174	100.000000
28	-18	9.384900	100.000000
28	-17	9.613559	100.000000
28	-16	9.829153	100.000000
28	-15	10.031680	100.000000
28	-14	10.221140	100.000000
28	-13	10.397535	100.000000
28	-12	10.560863	100.000000
28	-11	10.711125	100.000000
28	-10	10.848320	100.000000
28	-9	10.972450	100.000000
28	-8	11.083513	100.000000
28	-7	11.181510	100.000000
28	-6	11.266441	100.000000
28	-5	11.338305	100.000000
28	-4	11.397103	100.000000
28	-3	11.442835	100.000000
28	-2	11.475501	100.000000
28	-1	11.495100	100.000000
28	0	11.501633	100.000000
28	1	11.495100	100.000000
28	2	11.475501	100.000000
28	3	11.442835	100.000000
28	4	11.397103	100.000000
28	5	11.338305	100.000000
28	6	11.266441	100.000000
28	7	11.181510	100.000000
28	8	11.083513	100.000000
28	9	10.972450	100.000000
28	10	10.848320	100.000000
28	11	10.711125	100.000000
28	12	10.560863	100.000000
28	13	10.397535	100.000000
28	14	10.221140	100.000000
28	15	10.031680	100.000000
28	16	9.829153	100.000000
28	17	9.613559	100.000000
28	18	9.384900	100.000000
28	19	9.143174	100.000000
28	20	8.888382	100.000000
28	21	8.620524	100.000000
28	22	8.339599	100.000000
28	23	8.045609	100.000000
28	24	7.738552	100.000000
28	25	7.418428	100.000000
28	26	7.085239	100.000000
28	27	6.738983	100.000000
28	28	6.379661	100.000000
30	-30	6.368254	100.000000
30	-29	6.704762	100.000000
30	-28	7.029863	100.000000
30	-27	7.343557	100.000000
30	-26	7.645843	100.000000
30	-25	7.936723	100.000000
30	-24	8.216196	100.000000
30	-23	8.484262	100.000000
30	-22	8.740920	100.000000
30	-21	8.986172	100.000000
30	-20	9.220016	100.000000
30	-19	9.442454	100.000000
30	-18	9.653484	100.000000
30	-17	9.853107	100.000000
30	-16	10.041324	100.000000
30	-15	10.218133	100.000000
30	-14	10.383535	100.000000
30	-13	10.537530	100.000000
30	-12	10.680118	100.000000
30	-11	10.811299	100.000000
30	-10	10.931073	100.000000
30	-9	11.039440	100.000000
30	-8	11.136400	100.000000
30	-7	11.221953	100.000000
30	-6	11.296099	100.000000
30	-5	11.358838	100.000000
30	-4	11.410169	100.000000
30	-3	11.450094	100.000000
30	-2	11.478612	100.000000
30	-1	11.495722	100.000000
30	0	11.501426	100.000000
30	1	11.495722	100.000000
30	2	11.478612	100.000000
30	3	11.450094	100.000000
30	4	11.410169	100.000000
30	5	11.358838	100.000000
30	6	11.296099	100.000000
30	7	11.221953	100.000000
30	8	11.136400	100.000000
30	9	11.039440	100.000000
30	10	10.931073	100.000000
30	11	10.811299	100.000000
30	12	10.680118	100.000000
30	13	10.537530	100.000000
30	14	10.383535	100.000000
30	15	10.218133	100.000000
30	16	10.041324	100.000000
30	17	9.853107	100.000000
30	18	9.653484	100.000000
30	19	9.442454	100.000000
30	20	9.220016	100.000000
30	21	8.986172	100.000000
30	22	8.740920	100.000000
30	23	8.484262	100.000000
30	24	8.216196	100.000000
30	25	7.936723	100.000000
30	26	7.645843	100.000000
30	27	7.343557	100.000000
30	28	7.029863	100.000000
30	29	6.704762	100.000000
30	30	6.368254	100.000000
32	-32	6.358209	100.000000
32	-31	6.674627	100.000000
32	-30	6.981000	100.000000
32	-29	7.277328	100.000000
32	-28	7.563611	100.000000
32	-27	7.839848	100.000000
32	-26	8.106041	100.000000
32	-25	8.362189	100.000000
32	-24	8.608292	100.000000
32	-23	8.844350	100.000000
32	-22	9.070362	100.000000
32	-21	9.286330	100.000000
32	-20	9.492253	100.000000
32	-19	9.688131	100.000000
32	-18	9.873964	100.000000
32	-17	10.049751	100.000000
32	-16	10.215494	100.000000
32	-15	10.371192	100.000000
32	-14	10.516844	100.000000
32	-13	10.652452	100.000000
32	-12	10.778015	100.000000
32	-11	10.893532	100.000000
32	-10	10.999005	100.000000
32	-9	11.094433	100.000000
32	-8	11.179815	100.000000
32	-7	11.255153	100.000000
32	-6	11.320445	100.000000
32	-5	11.375693	100.000000
32	-4	11.420896	100.000000
32	-3	11.456053	100.000000
32	-2	11.481166	100.000000
32	-1	11.496233	100.000000
32	0	11.501256	100.000000
32	1	11.496233	100.000000
32	2	11.481166	100.000000
32	3	11.456053	100.000000
32	4	11.420896	100.000000
32	5	11.375693	100.000000
32	6	11.320445	100.000000
32	7	11.255153	100.000000
32	8	11.179815	100.000000
32	9	11.094433	100.000000
32	10	10.999005	100.000000
32	11	10.893532	100.000000
32	12	10.778015	100.000000
32	13	10.652452	100.000000
32	14	10.516844	100.000000
32	15	10.371192	100.000000
32	16	10.215494	100.000000
32	17	10.049751	100.000000
32	18	9.873964	100.000000
32	19	9.688131	100.000000
32	20	9.492253	100.000000
32	21	9.286330	100.000000
32	22	9.070362	100.000000
32	23	8.844350	100.000000
32	24	8.608292	100.000000
32	25	8.362189	100.000000
32	26	8.106041	100.000000
32	27	7.839848	100.000000
32	28	7.563611	100.000000
32	29	7.277328	100.000000
32	30	6.981000	100.000000
32	31	6.674627	100.000000
32	32	6.358209	100.000000
34	-34	6.349296	100.000000
34	-33	6.647887	100.000000
34	-32	6.937566	100.000000
34	-31	7.218331	100.000000
34	-30	7.490183	100.000000
34	-29	7.753122	100.000000
34	-28	8.007147	100.000000
34	-27	8.252260	100.000000
34	-26	8.488459	100.000000
34	-25	8.715745	100.000000
34	-24	8.934118	100.000000
34	-23	9.143578	100.000000
34	-22	9.344124	100.000000
34	-21	9.535758	100.000000
34	-20	9.718478	100.000000
34	-19	9.892285	100.000000
34	-18	10.057179	100.000000
34	-17	10.213160	100.000000
34	-16	10.360227	100.000000
34	-15	10.498381	100.000000
34	-14	10.627622	100.000000
34	-13	10.747950	100.000000
34	-12	10.859365	100.000000
34	-11	10.961867	100.000000
34	-10	11.055455	100.000000
34	-9	11.140130	100.000000
34	-8	11.215892	100.000000
34	-7	11.282741	100.000000
34	-6	11.340677	100.000000
34	-5	11.389699	100.000000
34	-4	11.429809	100.000000
34	-3	11.461005	100.000000
34	-2	11.483288	100.000000
34	-1	11.496658	100.000000
34	0	11.501114	100.000000
34	1	11.496658	100.000000
34	2	11.483288	100.000000
34	3	11.461005	100.000000
34	4	11.429809	100.000000
34	5	11.389699	100.000000
34	6	11.340677	100.000000
34	7	11.282741	100.000000
34	8	11.215892	100.000000
34	9	11.140130	100.000000
34	10	11.055455	100.000000
34	11	10.961867	100.000000
34	12	10.859365	100.000000
34	13	10.747950	100.000000
34	14	10.627622	100.000000
34	15	10.498381	100.000000
34	16	10.360227	100.000000
34	17	10.213160	100.000000
34	18	10.057179	100.000000
34	19	9.892285	100.000000
34	20	9.718478	100.000000
34	21	9.535758	100.000000
34	22	9.344124	100.000000
34	23	9.143578	100.000000
34	24	8.934118	100.000000
34	25	8.715745	100.000000
34	26	8.488459	100.000000
34	27	8.252260	100.000000
34	28	8.007147	100.000000
34	29	7.753122	100.000000
34	30	7.490183	100.000000
34	31	7.218331	100.000000
34	32	6.937566	100.000000
34	33	6.647887	100.000000
34	34	6.349296	100.000000
36	-36	6.341333	100.000000
36	-35	6.624000	100.000000
36	-34	6.898704	100.000000
36	-33	7.165446	100.000000
36	-32	7.424225	100.000000
36	-31	7.675042	100.000000
36	-30	7.917897	100.000000
36	-29	8.152789	100.000000
36	-28	8.379718	100.000000
36	-27	8.598685	100.000000
36	-26	8.809690	100.000000
36	-25	9.012732	100.000000
36	-24	9.207812	100.000000
36	-23	9.394930	100.000000
36	-22	9.574085	100.000000
36	-21	9.745277	100.000000
36	-20	9.908507	100.000000
36	-19	10.063775	100.000000
36	-18	10.211080	100.000000
36	-17	10.350423	100.000000
36	-16	10.481803	100.000000
36	-15	10.605221	100.000000
36	-14	10.720676	100.000000
36	-13	10.828169	100.000000
36	-12	10.927700	100.000000
36	-11	11.019268	100.000000
36	-10	11.102873	100.000000
36	-9	11.178516	100.000000
36	-8	11.246197	100.000000
36	-7	11.305915	100.000000
36	-6	11.357671	100.000000
36	-5	11.401465	100.000000
36	-4	11.437296	100.000000
36	-3	11.465164	100.000000
36	-2	11.485070	100.000000
36	-1	11.497014	100.000000
36	0	11.500995	100.000000
36	1	11.497014	100.000000
36	2	11.485070	100.000000
36	3	11.465164	100.000000
36	4	11.437296	100.000000
36	5	11.401465	100.000000
36	6	11.357671	100.000000
36	7	11.305915	100.000000
36	8	11.246197	100.000000
36	9	11.178516	100.000000
36	10	11.102873	100.000000
36	11	11.019268	100.000000
36	12	10.927700	100.000000
36	13	10.828169	100.000000
36	14	10.720676	100.000000
36	15	10.605221	100.000000
36	16	10.481803	100.000000
36	17	10.350423	100.000000
36	18	10.211080	100.000000
36	19	10.063775	100.000000
36	20	9.908507	100.000000
36	21	9.745277	100.000000
36	22	9.574085	100.000000
36	23	9.394930	100.000000
36	24	9.207812	100.000000
36	25	9.012732	100.000000
36	26	8.809690	100.000000
36	27	8.598685	100.000000
36	28	8.379718	100.000000
36	29	8.152789	100.000000
36	30	7.917897	100.000000
36	31	7.675042	100.000000
36	32	7.424225	100.000000
36	33	7.165446	100.000000
36	34	6.898704	100.000000
36	35	6.624000	100.000000
36	36	6.341333	100.000000
38	-38	6.334177	100.000000
38	-37	6.602532	100.000000
38	-36	6.863730	100.000000
38	-35	7.117772	100.000000
38	-34	7.364658	100.000000
38	-33	7.604388	100.000000
38	-32	7.836962	100.000000
38	-31	8.062380	100.000000
38	-30	8.280641	100.000000
38	-29	8.491747	100.000000
38	-28	8.695696	100.000000
38	-27	8.892489	100.000000
38	-26	9.082127	100.000000
38	-25	9.264608	100.000000
38	-24	9.439932	100.000000
38	-23	9.608101	100.000000
38	-22	9.769114	100.000000
38	-21	9.922970	100.000000
38	-20	10.069671	100.000000
38	-19	10.209215	100.000000
38	-18	10.341603	100.000000
38	-17	10.466835	100.000000
38	-16	10.584911	100.000000
38	-15	10.695831	100.000000
38	-14	10.799595	100.000000
38	-13	10.896203	100.000000
38	-12	10.985654	100.000000
38	-11	11.067949	100.000000
38	-10	11.143089	100.000000
38	-9	11.211072	100.000000
38	-8	11.271899	100.000000
38	-7	11.325570	100.000000
38	-6	11.372084	100.000000
38	-5	11.411443	100.000000
38	-4	11.443646	100.000000
38	-3	11.468692	100.000000
38	-2	11.486582	100.000000
38	-1	11.497316	100.000000
38	0	11.500895	100.000000
38	1	11.497316	100.000000
38	2	11.486582	100.000000
38	3	11.468692	100.000000
38	4	11.443646	100.000000
38	5	11.411443	100.000000
38	6	11.372084	100.000000
38	7	11.325570	100.000000
38	8	11.271899	100.000000
38	9	11.211072	100.000000
38	10	11.143089	100.000000
38	11	11.067949	100.000000
38	12	10.985654	100.000000
38	13	10.896203	100.000000
38	14	10.799595	100.000000
38	15	10.695831	100.000000
38	16	10.584911	100.000000
38	17	10.466835	100.000000
38	18	10.341603	100.000000
38	19	10.209215	100.000000
38	20	10.069671	100.000000
38	21	9.922970	100.000000
38	22	9.769114	100.000000
38	23	9.608101	100.000000
38	24	9.439932	100.000000
38	25	9.264608	100.000000
38	26	9.082127	100.000000
38	27	8.892489	100.000000
38	28	8.695696	100.000000
38	29	8.491747	100.000000
38	30	8.280641	100.000000
38	31	8.062380	100.000000
38	32	7.836962	100.000000
38	33	7.604388	100.000000
38	34	7.364658	100.000000
38	35	7.117772	100.000000
38	36	6.863730	100.000000
38	37	6.602532	100.000000
38	38	6.334177	100.000000
40	-40	6.327711	100.000000
40	-39	6.583133	100.000000
40	-38	6.832088	100.000000
40	-37	7.074577	100.000000
40	-36	7.310599	100.000000
40	-35	7.540156	100.000000
40	-34	7.763245	100.000000
40	-33	7.979869	100.000000
40	-32	8.190026	100.000000
40	-31	8.393717	100.000000
40	-30	8.590941	100.000000
40	-29	8.781699	100.000000
40	-28	8.965991	100.000000
40	-27	9.143816	100.000000
40	-26	9.315175	100.000000
40	-25	9.480067	100.000000
40	-24	9.638493	100.000000
40	-23	9.790453	100.000000
40	-22	9.935946	100.000000
40	-21	10.074973	100.000000
40	-20	10.207534	100.000000
40	-19	10.333628	100.000000
40	-18	10.453256	100.000000
40	-17	10.566418	100.000000
40	-16	10.673113	100.000000
40	-15	10.773341	100.000000
40	-14	10.867104	100.000000
40	-13	10.954400	100.000000
40	-12	11.035230	100.000000
40	-11	11.109593	100.000000
40	-10	11.177490	100.000000
40	-9	11.238920	100.000000
40	-8	11.293884	100.000000
40	-7	11.342382	100.000000
40	-6	11.384414	100.000000
40	-5	11.419979	100.000000
40	-4	11.449077	100.000000
40	-3	11.471710	100.000000
40	-2	11.487876	100.000000
40	-1	11.497575	100.000000
40	0	11.500808	100.000000
40	1	11.497575	100.000000
40	2	11.487876	100.000000
40	3	11.471710	100.000000
40	4	11.449077	100.000000
40	5	11.419979	100.000000
40	6	11.384414	100.000000
40	7	11.342382	100.000000
40	8	11.293884	100.000000
40	9	11.238920	100.000000
40	10	11.177490	100.000000
40	11	11.109593	100.000000
40	12	11.035230	100.000000
40	13	10.954400	100.000000
40	14	10.867104	100.000000
40	15	10.773341	100.000000
40	16	10.673113	100.000000
40	17	10.566418	100.000000
40	18	10.453256	100.000000
40	19	10.333628	100.000000
40	20	10.207534	100.000000
40	21	10.074973	100.000000
40	22	9.935946	100.000000
40	23	9.790453	100.000000
40	24	9.638493	100.000000
40	25	9.480067	100.000000
40	26	9.315175	100.000000
40	27	9.143816	100.000000
40	28	8.965991	100.000000
40	29	8.781699	100.000000
40	30	8.590941	100.000000
40	31	8.393717	100.000000
40	32	8.190026	100.000000
40	33	7.979869	100.000000
40	34	7.763245	100.000000
40	35	7.540156	100.000000
40	36	7.310599	100.000000
40	37	7.074577	100.000000
40	38	6.832088	100.000000
40	39	6.583133	100.000000
40	40	6.327711	100.000000
42	-42	6.321839	100.000000
42	-41	6.565517	100.000000
42	-40	6.803324	100.000000
42	-39	7.035258	100.000000
42	-38	7.261321	100.000000
42	-37	7.481512	100.000000
42	-36	7.695832	100.000000
42	-35	7.904279	100.000000
42	-34	8.106855	100.000000
42	-33	8.303559	100.000000
42	-32	8.494391	100.000000
42	-31	8.679352	100.000000
42	-30	8.858441	100.000000
42	-29	9.031658	100.000000
42	-28	9.199003	100.000000
42	-27	9.360476	100.000000
42	-26	9.516078	100.000000
42	-25	9.665808	100.000000
42	-24	9.809666	100.000000
42	-23	9.947653	100.000000
42	-22	10.079767	100.000000
42	-21	10.206010	100.000000
42	-20	10.326381	100.000000
42	-19	10.440881	100.000000
42	-18	10.549508	100.000000
42	-17	10.652264	100.000000
42	-16	10.749148	100.000000
42	-15	10.840161	100.000000
42	-14	10.925301	100.000000
42	-13	11.004570	100.000000
42	-12	11.077967	100.000000
42	-11	11.145492	100.000000
42	-10	11.207146	100.000000
42	-9	11.262928	100.000000
42	-8	11.312838	100.000000
42	-7	11.356876	100.000000
42	-6	11.395042	100.000000
42	-5	11.427337	100.000000
42	-4	11.453760	100.000000
42	-3	11.474311	100.000000
42	-2	11.488990	100.000000
42	-1	11.497798	100.000000
42	0	11.500734	100.000000
42	1	11.497798	100.000000
42	2	11.488990	100.000000
42	3	11.474311	100.000000
42	4	11.453760	100.000000
42	5	11.427337	100.000000
42	6	11.395042	100.000000
42	7	11.356876	100.000000
42	8	11.312838	100.000000
42	9	11.262928	100.000000
42	10	11.207146	100.000000
42	11	11.145492	100.000000
42	12	11.077967	100.000000
42	13	11.004570	100.000000
42	14	10.925301	100.000000
42	15	10.840161	100.000000
42	16	10.749148	100.000000
42	17	10.652264	100.000000
42	18	10.549508	100.000000
42	19	10.440881	100.000000
42	20	10.326381	100.000000
42	21	10.206010	100.000000
42	22	10.079767	100.000000
42	23	9.947653	100.000000
42	24	9.809666	100.000000
42	25	9.665808	100.000000
42	26	9.516078	100.000000
42	27	9.360476	100.000000
42	28	9.199003	100.000000
42	29	9.031658	100.000000
42	30	8.858441	100.000000
42	31	8.679352	100.000000
42	32	8.494391	100.000000
42	33	8.303559	100.000000
42	34	8.106855	100.000000
42	35	7.904279	100.000000
42	36	7.695832	100.000000
42	37	7.481512	100.000000
42	38	7.261321	100.000000
42	39	7.035258	100.000000
42	40	6.803324	100.000000
42	41	6.565517	100.000000
42	42	6.321839	100.000000
44	-44	6.316484	100.000000
44	-43	6.549451	100.000000
44	-42	6.777062	100.000000
44	-41	6.999318	100.000000
44	-40	7.216218	100.000000
44	-39	7.427763	100.000000
44	-38	7.633952	100.000000
44	-37	7.834786	100.000000
44	-36	8.030264	100.000000
44	-35	8.220387	100.000000
44	-34	8.405153	100.000000
44	-33	8.584565	100.000000
44	-32	8.758621	100.000000
44	-31	8.927321	100.000000
44	-30	9.090666	100.000000
44	-29	9.248655	100.000000
44	-28	9.401288	100.000000
44	-27	9.548566	100.000000
44	-26	9.690489	100.000000
44	-25	9.827056	100.000000
44	-24	9.958267	100.000000
44	-23	10.084123	100.000000
44	-22	10.204623	100.000000
44	-21	10.319768	100.000000
44	-20	10.429557	100.000000
44	-19	10.533990	100.000000
44	-18	10.633068	100.000000
44	-17	10.726790	100.000000
44	-16	10.815157	100.000000
44	-15	10.898168	100.000000
44	-14	10.975824	100.000000
44	-13	11.048124	100.000000
44	-12	11.115069	100.000000
44	-11	11.176658	100.000000
44	-10	11.232891	100.000000
44	-9	11.283769	100.000000
44	-8	11.329291	100.000000
44	-7	11.369458	100.000000
44	-6	11.404269	100.000000
44	-5	11.433725	100.000000
44	-4	11.457825	100.000000
44	-3	11.476569	100.000000
44	-2	11.489958	100.000000
44	-1	11.497992	100.000000
44	0	11.500669	100.000000
44	1	11.497992	100.000000
44	2	11.489958	100.000000
44	3	11.476569	100.000000
44	4	11.457825	100.000000
44	5	11.433725	100.000000
44	6	11.404269	100.000000
44	7	11.369458	100.000000
44	8	11.329291	100.000000
44	9	11.283769	100.000000
44	10	11.232891	100.000000
44	11	11.176658	100.000000
44	12	11.115069	100.000000
44	13	11.048124	100.000000
44	14	10.975824	100.000000
44	15	10.898168	100.000000
44	16	10.815157	100.000000
44	17	10.726790	100.000000
44	18	10.633068	100.000000
44	19	10.533990	100.000000
44	20	10.429557	100.000000
44	21	10.319768	100.000000
44	22	10.204623	100.000000
44	23	10.084123	100.000000
44	24	9.958267	100.000000
44	25	9.827056	100.000000
44	26	9.690489	100.000000
44	27	9.548566	100.000000
44	28	9.401288	100.000000
44	29	9.248655	100.000000
44	30	9.090666	100.000000
44	31	8.927321	100.000000
44	32	8.758621	100.000000
44	33	8.584565	100.000000
44	34	8.405153	100.000000
44	35	8.220387	100.000000
44	36	8.030264	100.000000
44	37	7.834786	100.000000
44	38	7.633952	100.000000
44	39	7.427763	100.000000
44	40	7.216218	100.000000
44	41	6.999318	100.000000
44	42	6.777062	100.000000
44	43	6.549451	100.000000
44	44	6.316484	100.000000
46	-46	6.311579	100.000000
46	-45	6.534737	100.000000
46	-44	6.752990	100.000000
46	-43	6.966339	100.000000
46	-42	7.174783	100.000000
46	-41	7.378323	100.000000
46	-40	7.576958	100.000000
46	-39	7.770688	100.000000
46	-38	7.959514	100.000000
46	-37	8.143436	100.000000
46	-36	8.322452	100.000000
46	-35	8.496564	100.000000
46	-34	8.665772	100.000000
46	-33	8.830075	100.000000
46	-32	8.989474	100.000000
46	-31	9.143968	100.000000
46	-30	9.293557	100.000000
46	-29	9.438242	100.000000
46	-28	9.578022	100.000000
46	-27	9.712898	100.000000
46	-26	9.842869	100.000000
46	-25	9.967935	100.000000
46	-24	10.088097	100.000000
46	-23	10.203355	100.000000
46	-22	10.313707	100.000000
46	-21	10.419156	100.000000
46	-20	10.519699	100.000000
46	-19	10.615338	100.000000
46	-18	10.706073	100.000000
46	-17	10.791903	100.000000
46	-16	10.872828	100.000000
46	-15	10.948849	100.000000
46	-14	11.019965	100.000000
46	-13	11.086177	100.000000
46	-12	11.147484	100.000000
46	-11	11.203887	100.000000
46	-10	11.255385	100.000000
46	-9	11.301978	100.000000
46	-8	11.343667	100.000000
46	-7	11.380451	100.000000
46	-6	11.412331	100.000000
46	-5	11.439306	100.000000
46	-4	11.461377	100.000000
46	-3	11.478543	100.000000
46	-2	11.490804	100.000000
46	-1	11.498161	100.000000
46	0	11.500613	100.000000
46	1	11.498161	100.000000
46	2	11.490804	100.000000
46	3	11.478543	100.000000
46	4	11.461377	100.000000
46	5	11.439306	100.000000
46	6	11.412331	100.000000
46	7	11.380451	100.000000
46	8	11.343667	100.000000
46	9	11.301978	100.000000
46	10	11.255385	100.000000
46	11	11.203887	100.000000
46	12	11.147484	100.000000
46	13	11.086177	100.000000
46	14	11.019965	100.000000
46	15	10.948849	100.000000
46	16	10.872828	100.000000
46	17	10.791903	100.000000
46	18	10.706073	100.000000
46	19	10.615338	100.000000
46	20	10.519699	100.000000
46	21	10.419156	100.000000
46	22	10.313707	100.000000
46	23	10.203355	100.000000
46	24	10.088097	100.000000
46	25	9.967935	100.000000
46	26	9.842869	100.000000
46	27	9.712898	100.000000
46	28	9.578022	100.000000
46	29	9.438242	100.000000
46	30	9.293557	100.000000
46	31	9.143968	100.000000
46	32	8.989474	100.000000
46	33	8.830075	100.000000
46	34	8.665772	100.000000
46	35	8.496564	100.000000
46	36	8.322452	100.000000
46	37	8.143436	100.000000
46	38	7.959514	100.000000
46	39	7.770688	100.000000
46	40	7.576958	100.000000
46	41	7.378323	100.000000
46	42	7.174783	100.000000
46	43	6.966339	100.000000
46	44	6.752990	100.000000
46	45	6.534737	100.000000
46	46	6.311579	100.000000
48	-48	6.307071	100.000000
48	-47	6.521212	100.000000
48	-46	6.730845	100.000000
48	-45	6.935970	100.000000
48	-44	7.136587	100.000000
48	-43	7.332695	100.000000
48	-42	7.524296	100.000000
48	-41	7.711388	100.000000
48	-40	7.893971	100.000000
48	-39	8.072047	100.000000
48	-38	8.245614	100.000000
48	-37	8.414673	100.000000
48	-36	8.579224	100.000000
48	-35	8.739266	100.000000
48	-34	8.894801	100.000000
48	-33	9.045827	100.000000
48	-32	9.192344	100.000000
48	-31	9.334354	100.000000
48	-30	9.471855	100.000000
48	-29	9.604848	100.000000
48	-28	9.733333	100.000000
48	-27	9.857310	100.000000
48	-26	9.976778	100.000000
48	-25	10.091738	100.000000
48	-24	10.202190	100.000000
48	-23	10.308134	100.000000
48	-22	10.409569	100.000000
48	-21	10.506497	100.000000
48	-20	10.598915	100.000000
48	-19	10.686826	100.000000
48	-18	10.770229	100.000000
48	-17	10.849123	100.000000
48	-16	10.923509	100.000000
48	-15	10.993386	100.000000
48	-14	11.058756	100.000000
48	-13	11.119617	100.000000
48	-12	11.175970	100.000000
48	-11	11.227815	100.000000
48	-10	11.275152	100.000000
48	-9	11.317980	100.000000
48	-8	11.356300	100.000000
48	-7	11.390112	100.000000
48	-6	11.419415	100.000000
48	-5	11.444211	100.000000
48	-4	11.464498	100.000000
48	-3	11.480276	100.000000
48	-2	11.491547	100.000000
48	-1	11.498309	100.000000
48	0	11.500564	100.000000
48	1	11.498309	100.000000
48	2	11.491547	100.000000
48	3	11.480276	100.000000
48	4	11.464498	100.000000
48	5	11.444211	100.000000
48	6	11.419415	100.000000
48	7	11.390112	100.000000
48	8	11.356300	100.000000
48	9	11.317980	100.000000
48	10	11.275152	100.000000
48	11	11.227815	100.000000
48	12	11.175970	100.000000
48	13	11.119617	100.000000
48	14	11.058756	100.000000
48	15	10.993386	100.000000
48	16	10.923509	100.000000
48	17	10.849123	100.000000
48	18	10.770229	100.000000
48	19	10.686826	100.000000
48	20	10.598915	100.000000
48	21	10.506497	100.000000
48	22	10.409569	100.000000
48	23	10.308134	100.000000
48	24	10.202190	100.000000
48	25	10.091738	100.000000
48	26	9.976778	100.000000
48	27	9.857310	100.000000
48	28	9.733333	100.000000
48	29	9.604848	100.000000
48	30	9.471855	100.000000
48	31	9.334354	100.000000
48	32	9.192344	100.000000
48	33	9.045827	100.000000
48	34	8.894801	100.000000
48	35	8.739266	100.000000
48	36	8.579224	100.000000
48	37	8.414673	100.000000
48	38	8.245614	100.000000
48	39	8.072047	100.000000
48	40	7.893971	100.000000
48	41	7.711388	100.000000
48	42	7.524296	100.000000
48	43	7.332695	100.000000
48	44	7.136587	100.000000
48	45	6.935970	100.000000
48	46	6.730845	100.000000
48	47	6.521212	100.000000
48	48	6.307071	100.000000
50	-50	6.302913	100.000000
50	-49	6.508738	100.000000
50	-48	6.710405	100.000000
50	-47	6.907914	100.000000
50	-46	7.101265	100.000000
50	-45	7.290458	100.000000
50	-44	7.475493	100.000000
50	-43	7.656370	100.000000
50	-42	7.833088	100.000000
50	-41	8.005649	100.000000
50	-40	8.174051	100.000000
50	-39	8.338296	100.000000
50	-38	8.498382	100.000000
50	-37	8.654310	100.000000
50	-36	8.806080	100.000000
50	-35	8.953692	100.000000
50	-34	9.097146	100.000000
50	-33	9.236442	100.000000
50	-32	9.371580	100.000000
50	-31	9.502560	100.000000
50	-30	9.629381	100.000000
50	-29	9.752045	100.000000
50	-28	9.870550	100.000000
50	-27	9.984898	100.000000
50	-26	10.095087	100.000000
50	-25	10.201118	100.000000
50	-24	10.302991	100.000000
50	-23	10.400706	100.000000
50	-22	10.494263	100.000000
50	-21	10.583662	100.000000
50	-20	10.668903	100.000000
50	-19	10.749985	100.000000
50	-18	10.826910	100.000000
50	-17	10.899676	100.000000
50	-16	10.968285	100.000000
50	-15	11.032735	100.000000
50	-14	11.093027	100.000000
50	-13	11.149162	100.000000
50	-12	11.201138	100.000000
50	-11	11.248956	100.000000
50	-10	11.292615	100.000000
50	-9	11.332117	100.000000
50	-8	11.367461	100.000000
50	-7	11.398647	100.000000
50	-6	11.425674	100.000000
50	-5	11.448544	100.000000
50	-4	11.467255	100.000000
50	-3	11.481808	100.000000
50	-2	11.492204	100.000000
50	-1	11.498441	100.000000
50	0	11.500520	100.000000
50	1	11.498441	100.000000
50	2	11.492204	100.000000
50	3	11.481808	100.000000
50	4	11.467255	100.000000
50	5	11.448544	100.000000
50	6	11.425674	100.000000
50	7	11.398647	100.000000
50	8	11.367461	100.000000
50	9	11.332117	100.000000
50	10	11.292615	100.000000
50	11	11.248956	100.000000
50	12	11.201138	100.000000
50	13	11.149162	100.000000
50	14	11.093027	100.000000
50	15	11.032735	100.000000
50	16	10.968285	100.000000
50	17	10.899676	100.000000
50	18	10.826910	100.000000
50	19	10.749985	100.000000
50	20	10.668903	100.000000
50	21	10.583662	100.000000
50	22	10.494263	100.000000
50	23	10.400706	100.000000
50	24	10.302991	100.000000
50	25	10.201118	100.000000
50	26	10.095087	100.000000
50	27	9.984898	100.000000
50	28	9.870550	100.000000
50	29	9.752045	100.000000
50	30	9.629381	100.000000
50	31	9.502560	100.000000
50	32	9.371580	100.000000
50	33	9.236442	100.000000
50	34	9.097146	100.000000
50	35	8.953692	100.000000
50	36	8.806080	100.000000
50	37	8.654310	100.000000
50	38	8.498382	100.000000
50	39	8.338296	100.000000
50	40	8.174051	100.000000
50	41	8.005649	100.000000
50	42	7.833088	100.000000
50	43	7.656370	100.000000
50	44	7.475493	100.000000
50	45	7.290458	100.000000
50	46	7.101265	100.000000
50	47	6.907914	100.000000
50	48	6.710405	100.000000
50	49	6.508738	100.000000
50	50	6.302913	100.000000
