0	0	9.733333	0.251409
2	-2	7.714286	0.501005
2	-1	10.742857	0.750601
2	0	11.752381	1.000197
2	1	10.742857	1.249792
2	2	7.714286	1.499388
4	-4	7.163636	1.744804
4	-3	9.090909	1.990220
4	-2	10.467532	2.235635
4	-1	11.293506	2.481051
4	0	11.568831	2.726467
4	1	11.293506	2.971882
4	2	10.467532	3.217298
4	3	9.090909	3.462714
4	4	7.163636	3.708129
6	-6	6.906667	3.947117
6	-5	8.320000	4.186105
6	-4	9.476364	4.425093
6	-3	10.375758	4.664081
6	-2	11.018182	4.903069
6	-1	11.403636	5.142057
6	0	11.532121	5.381045
6	1	11.403636	5.620033
6	2	11.018182	5.859020
6	3	10.375758	6.098008
6	4	9.476364	6.336996
6	5	8.320000	6.575984
6	6	6.906667	6.814972
8	-8	6.757895	7.045465
8	-7	7.873684	7.275958
8	-6	8.840702	7.506452
8	-5	9.658947	7.736945
8	-4	10.328421	7.967438
8	-3	10.849123	8.197931
8	-2	11.221053	8.428424
8	-1	11.444211	8.658918
8	0	11.518596	8.889411
8	1	11.444211	9.119904
8	2	11.221053	9.350397
8	3	10.849123	9.580890
8	4	10.328421	9.811383
8	5	9.658947	10.041877
8	6	8.840702	10.272370
8	7	7.873684	10.502863
8	8	6.757895	10.733356
10	-10	6.660870	10.953521
10	-9	7.582609	11.173687
10	-8	8.407323	11.393852
10	-7	9.135011	11.614017
10	-6	9.765675	11.834183
10	-5	10.299314	12.054348
10	-4	10.735927	12.274513
10	-3	11.075515	12.494678
10	-2	11.318078	12.714844
10	-1	11.463616	12.935009
10	0	11.512128	13.155174
10	1	11.463616	13.375339
10	2	11.318078	13.595505
10	3	11.075515	13.815670
10	4	10.735927	14.035835
10	5	10.299314	14.256001
10	6	9.765675	14.476166
10	7	9.135011	14.696331
10	8	8.407323	14.916496
10	9	7.582609	15.136662
10	10	6.660870	15.356827
12	-12	6.592593	15.565107
12	-11	7.377778	15.773387
12	-10	8.094686	15.981668
12	-9	8.743317	16.189948
12	-8	9.323671	16.398228
12	-7	9.835749	16.606509
12	-6	10.279549	16.814789
12	-5	10.655072	17.023069
12	-4	10.962319	17.231349
12	-3	11.201288	17.439630
12	-2	11.371981	17.647910
12	-1	11.474396	17.856190
12	0	11.508535	18.064470
12	1	11.474396	18.272751
12	2	11.371981	18.481031
12	3	11.201288	18.689311
12	4	10.962319	18.897592
12	5	10.655072	19.105872
12	6	10.279549	19.314152
12	7	9.835749	19.522432
12	8	9.323671	19.730713
12	9	8.743317	19.938993
12	10	8.094686	20.147273
12	11	7.377778	20.355554
12	12	6.592593	20.563834
14	-14	6.541935	20.758978
14	-13	7.225806	20.954123
14	-12	7.859020	21.149267
14	-11	8.441577	21.344411
14	-10	8.973477	21.539556
14	-9	9.454719	21.734700
14	-8	9.885305	21.929844
14	-7	10.265233	22.124989
14	-6	10.594504	22.320133
14	-5	10.873118	22.515278
14	-4	11.101075	22.710422
14	-3	11.278375	22.905566
14	-2	11.405018	23.100711
14	-1	11.481004	23.295855
14	0	11.506332	23.490999
14	1	11.481004	23.686144
14	2	11.405018	23.881288
14	3	11.278375	24.076433
14	4	11.101075	24.271577
14	5	10.873118	24.466721
14	6	10.594504	24.661866
14	7	10.265233	24.857010
14	8	9.885305	25.052154
14	9	9.454719	25.247299
14	10	8.973477	25.442443
14	11	8.441577	25.637588
14	12	7.859020	25.832732
14	13	7.225806	26.027876
14	14	6.541935	26.223021
16	-16	6.502857	26.404101
16	-15	7.108571	26.585182
16	-14	7.675207	26.766263
16	-13	8.202765	26.947344
16	-12	8.691244	27.128425
16	-11	9.140645	27.309506
16	-10	9.550968	27.490587
16	-9	9.922212	27.671667
16	-8	10.254378	27.852748
16	-7	10.547465	28.033829
16	-6	10.801475	28.214910
16	-5	11.016406	28.395991
16	-4	11.192258	28.577072
16	-3	11.329032	28.758152
16	-2	11.426728	28.939233
16	-1	11.485346	29.120314
16	0	11.504885	29.301395
16	1	11.485346	29.482476
16	2	11.426728	29.663557
16	3	11.329032	29.844638
16	4	11.192258	30.025718
16	5	11.016406	30.206799
16	6	10.801475	30.387880
16	7	10.547465	30.568961
16	8	10.254378	30.750042
16	9	9.922212	30.931123
16	10	9.550968	31.112203
16	11	9.140645	31.293284
16	12	8.691244	31.474365
16	13	8.202765	31.655446
16	14	7.675207	31.836527
16	15	7.108571	32.017608
16	16	6.502857	32.198689
18	-18	6.471795	32.365105
18	-17	7.015385	32.531522
18	-16	7.527912	32.697939
18	-15	8.009377	32.864356
18	-14	8.459780	33.030773
18	-13	8.879121	33.197190
18	-12	9.267399	33.363607
18	-11	9.624615	33.530024
18	-10	9.950769	33.696441
18	-9	10.245861	33.862858
18	-8	10.509890	34.029275
18	-7	10.742857	34.195692
18	-6	10.944762	34.362109
18	-5	11.115604	34.528526
18	-4	11.255385	34.694943
18	-3	11.364103	34.861360
18	-2	11.441758	35.027777
18	-1	11.488352	35.194194
18	0	11.503883	35.360611
18	1	11.488352	35.527028
18	2	11.441758	35.693444
18	3	11.364103	35.859861
18	4	11.255385	36.026278
18	5	11.115604	36.192695
18	6	10.944762	36.359112
18	7	10.742857	36.525529
18	8	10.509890	36.691946
18	9	10.245861	36.858363
18	10	9.950769	37.024780
18	11	9.624615	37.191197
18	12	9.267399	37.357614
18	13	8.879121	37.524031
18	14	8.459780	37.690448
18	15	8.009377	37.856865
18	16	7.527912	38.023282
18	17	7.015385	38.189699
18	18	6.471795	38.356116
20	-20	6.446512	38.507587
20	-19	6.939535	38.659059
20	-18	7.407275	38.810530
20	-17	7.849732	38.962002
20	-16	8.266905	39.113474
20	-15	8.658795	39.264945
20	-14	9.025403	39.416417
20	-13	9.366726	39.567888
20	-12	9.682767	39.719360
20	-11	9.973524	39.870832
20	-10	10.238998	40.022303
20	-9	10.479189	40.173775
20	-8	10.694097	40.325246
20	-7	10.883721	40.476718
20	-6	11.048062	40.628190
20	-5	11.187120	40.779661
20	-4	11.300894	40.931133
20	-3	11.389386	41.082604
20	-2	11.452594	41.234076
20	-1	11.490519	41.385548
20	0	11.503160	41.537019
20	1	11.490519	41.688491
20	2	11.452594	41.839962
20	3	11.389386	41.991434
20	4	11.300894	42.142906
20	5	11.187120	42.294377
20	6	11.048062	42.445849
20	7	10.883721	42.597320
20	8	10.694097	42.748792
20	9	10.479189	42.900263
20	10	10.238998	43.051735
20	11	9.973524	43.203207
20	12	9.682767	43.354678
20	13	9.366726	43.506150
20	14	9.025403	43.657621
20	15	8.658795	43.809093
20	16	8.266905	43.960565
20	17	7.849732	44.112036
20	18	7.407275	44.263508
20	19	6.939535	44.414979
20	20	6.446512	44.566451
22	-22	6.425532	44.702995
22	-21	6.876596	44.839539
22	-20	7.306680	44.976084
22	-19	7.715784	45.112628
22	-18	8.103909	45.249172
22	-17	8.471054	45.385716
22	-16	8.817219	45.522261
22	-15	9.142405	45.658805
22	-14	9.446611	45.795349
22	-13	9.729837	45.931893
22	-12	9.992083	46.068438
22	-11	10.233350	46.204982
22	-10	10.453637	46.341526
22	-9	10.652944	46.478070
22	-8	10.831272	46.614615
22	-7	10.988619	46.751159
22	-6	11.124988	46.887703
22	-5	11.240376	47.024247
22	-4	11.334785	47.160792
22	-3	11.408214	47.297336
22	-2	11.460663	47.433880
22	-1	11.492133	47.570424
22	0	11.502622	47.706969
22	1	11.492133	47.843513
22	2	11.460663	47.980057
22	3	11.408214	48.116601
22	4	11.334785	48.253146
22	5	11.240376	48.389690
22	6	11.124988	48.526234
22	7	10.988619	48.662778
22	8	10.831272	48.799323
22	9	10.652944	48.935867
22	10	10.453637	49.072411
22	11	10.233350	49.208955
22	12	9.992083	49.345500
22	13	9.729837	49.482044
22	14	9.446611	49.618588
22	15	9.142405	49.755132
22	16	8.817219	49.891676
22	17	8.471054	50.028221
22	18	8.103909	50.164765
22	19	7.715784	50.301309
22	20	7.306680	50.437853
22	21	6.876596	50.574398
22	22	6.425532	50.710942
24	-24	6.407843	50.832848
24	-23	6.823529	50.954753
24	-22	7.221527	51.076659
24	-21	7.601836	51.198565
24	-20	7.964456	51.320471
24	-19	8.309387	51.442376
24	-18	8.636629	51.564282
24	-17	8.946183	51.686188
24	-16	9.238048	51.808094
24	-15	9.512224	51.929999
24	-14	9.768711	52.051905
24	-13	10.007509	52.173811
24	-12	10.228619	52.295717
24	-11	10.432040	52.417622
24	-10	10.617772	52.539528
24	-9	10.785816	52.661434
24	-8	10.936170	52.783340
24	-7	11.068836	52.905245
24	-6	11.183813	53.027151
24	-5	11.281101	53.149057
24	-4	11.360701	53.270963
24	-3	11.422612	53.392868
24	-2	11.466834	53.514774
24	-1	11.493367	53.636680
24	0	11.502211	53.758586
24	1	11.493367	53.880491
24	2	11.466834	54.002397
24	3	11.422612	54.124303
24	4	11.360701	54.246209
24	5	11.281101	54.368114
24	6	11.183813	54.490020
24	7	11.068836	54.611926
24	8	10.936170	54.733832
24	9	10.785816	54.855737
24	10	10.617772	54.977643
24	11	10.432040	55.099549
24	12	10.228619	55.221455
24	13	10.007509	55.343360
24	14	9.768711	55.465266
24	15	9.512224	55.587172
24	16	9.238048	55.709078
24	17	8.946183	55.830983
24	18	8.636629	55.952889
24	19	8.309387	56.074795
24	20	7.964456	56.196701
24	21	7.601836	56.318606
24	22	7.221527	56.440512
24	23	6.823529	56.562418
24	24	6.407843	56.684324
26	-26	6.392727	56.792115
26	-25	6.778182	56.899906
26	-24	7.148520	57.007697
26	-23	7.503743	57.115489
26	-22	7.843850	57.223280
26	-21	8.168841	57.331071
26	-20	8.478717	57.438862
26	-19	8.773476	57.546654
26	-18	9.053119	57.654445
26	-17	9.317647	57.762236
26	-16	9.567059	57.870027
26	-15	9.801355	57.977819
26	-14	10.020535	58.085610
26	-13	10.224599	58.193401
26	-12	10.413547	58.301192
26	-11	10.587380	58.408984
26	-10	10.746096	58.516775
26	-9	10.889697	58.624566
26	-8	11.018182	58.732357
26	-7	11.131551	58.840149
26	-6	11.229804	58.947940
26	-5	11.312941	59.055731
26	-4	11.380963	59.163522
26	-3	11.433868	59.271314
26	-2	11.471658	59.379105
26	-1	11.494332	59.486896
26	0	11.501889	59.594687
26	1	11.494332	59.702479
26	2	11.471658	59.810270
26	3	11.433868	59.918061
26	4	11.380963	60.025852
26	5	11.312941	60.133644
26	6	11.229804	60.241435
26	7	11.131551	60.349226
26	8	11.018182	60.457018
26	9	10.889697	60.564809
26	10	10.746096	60.672600
26	11	10.587380	60.780391
26	12	10.413547	60.888183
26	13	10.224599	60.995974
26	14	10.020535	61.103765
26	15	9.801355	61.211556
26	16	9.567059	61.319348
26	17	9.317647	61.427139
26	18	9.053119	61.534930
26	19	8.773476	61.642721
26	20	8.478717	61.750513
26	21	8.168841	61.858304
26	22	7.843850	61.966095
26	23	7.503743	62.073886
26	24	7.148520	62.181678
26	25	6.778182	62.289469
26	26	6.392727	62.397260
28	-28	6.379661	62.491656
28	-27	6.738983	62.586051
28	-26	7.085239	62.680447
28	-25	7.418428	62.774842
28	-24	7.738552	62.869238
28	-23	8.045609	62.963633
28	-22	8.339599	63.058029
28	-21	8.620524	63.152424
28	-20	8.888382	63.246820
28	-19	9.143174	63.341216
28	-18	9.384900	63.435611
28	-17	9.613559	63.530007
28	-16	9.829153	63.624402
28	-15	10.031680	63.718798
28	-14	10.221140	63.813193
28	-13	10.397535	63.907589
28	-12	10.560863	64.001984
28	-11	10.711125	64.096380
28	-10	10.848320	64.190775
28	-9	10.972450	64.285171
28	-8	11.083513	64.379566
28	-7	11.181510	64.473962
28	-6	11.266441	64.568358
28	-5	11.338305	64.662753
28	-4	11.397103	64.757149
28	-3	11.442835	64.851544
28	-2	11.475501	64.945940
28	-1	11.495100	65.040335
28	0	11.501633	65.134731
28	1	11.495100	65.229126
28	2	11.475501	65.323522
28	3	11.442835	65.417917
28	4	11.397103	65.512313
28	5	11.338305	65.606709
28	6	11.266441	65.701104
28	7	11.181510	65.795500
28	8	11.083513	65.889895
28	9	10.972450	65.984291
28	10	10.848320	66.078686
28	11	10.711125	66.173082
28	12	10.560863	66.267477
28	13	10.397535	66.361873
28	14	10.221140	66.456268
28	15	10.031680	66.550664
28	16	9.829153	66.645059
28	17	9.613559	66.739455
28	18	9.384900	66.833851
28	19	9.143174	66.928246
28	20	8.888382	67.022642
28	21	8.620524	67.117037
28	22	8.339599	67.211433
28	23	8.045609	67.305828
28	24	7.738552	67.400224
28	25	7.418428	67.494619
28	26	7.085239	67.589015
28	27	6.738983	67.683410
28	28	6.379661	67.777806
30	-30	6.368254	67.859677
30	-29	6.704762	67.941547
30	-28	7.029863	68.023418
30	-27	7.343557	68.105288
30	-26	7.645843	68.187159
30	-25	7.936723	68.269030
30	-24	8.216196	68.350900
30	-23	8.484262	68.432771
30	-22	8.740920	68.514641
30	-21	8.986172	68.596512
30	-20	9.220016	68.678383
30	-19	9.442454	68.760253
30	-18	9.653484	68.842124
30	-17	9.853107	68.923994
30	-16	10.041324	69.005865
30	-15	10.218133	69.087736
30	-14	10.383535	69.169606
30	-13	10.537530	69.251477
30	-12	10.680118	69.333347
30	-11	10.811299	69.415218
30	-10	10.931073	69.497089
30	-9	11.039440	69.578959
30	-8	11.136400	69.660830
30	-7	11.221953	69.742700
30	-6	11.296099	69.824571
30	-5	11.358838	69.906442
30	-4	11.410169	69.988312
30	-3	11.450094	70.070183
30	-2	11.478612	70.152053
30	-1	11.495722	70.233924
30	0	11.501426	70.315795
30	1	11.495722	70.397665
30	2	11.478612	70.479536
30	3	11.450094	70.561406
30	4	11.410169	70.643277
30	5	11.358838	70.725148
30	6	11.296099	70.807018
30	7	11.221953	70.888889
30	8	11.136400	70.970759
30	9	11.039440	71.052630
30	10	10.931073	71.134501
30	11	10.811299	71.216371
30	12	10.680118	71.298242
30	13	10.537530	71.380112
30	14	10.383535	71.461983
30	15	10.218133	71.543854
30	16	10.041324	71.625724
30	17	9.853107	71.707595
30	18	9.653484	71.789465
30	19	9.442454	71.871336
30	20	9.220016	71.953207
30	21	8.986172	72.035077
30	22	8.740920	72.116948
30	23	8.484262	72.198818
30	24	8.216196	72.280689
30	25	7.936723	72.362560
30	26	7.645843	72.444430
30	27	7.343557	72.526301
30	28	7.029863	72.608172
30	29	6.704762	72.690042
30	30	6.368254	72.771913
32	-32	6.358209	72.842238
32	-31	6.674627	72.912564
32	-30	6.981000	72.982889
32	-29	7.277328	73.053215
32	-28	7.563611	73.123540
32	-27	7.839848	73.193866
32	-26	8.106041	73.264191
32	-25	8.362189	73.334517
32	-24	8.608292	73.404843
32	-23	8.844350	73.475168
32	-22	9.070362	73.545494
32	-21	9.286330	73.615819
32	-20	9.492253	73.686145
32	-19	9.688131	73.756470
32	-18	9.873964	73.826796
32	-17	10.049751	73.897121
32	-16	10.215494	73.967447
32	-15	10.371192	74.037772
32	-14	10.516844	74.108098
32	-13	10.652452	74.178424
32	-12	10.778015	74.248749
32	-11	10.893532	74.319075
32	-10	10.999005	74.389400
32	-9	11.094433	74.459726
32	-8	11.179815	74.530051
32	-7	11.255153	74.600377
32	-6	11.320445	74.670702
32	-5	11.375693	74.741028
32	-4	11.420896	74.811353
32	-3	11.456053	74.881679
32	-2	11.481166	74.952004
32	-1	11.496233	75.022330
32	0	11.501256	75.092656
32	1	11.496233	75.162981
32	2	11.481166	75.233307
32	3	11.456053	75.303632
32	4	11.420896	75.373958
32	5	11.375693	75.444283
32	6	11.320445	75.514609
32	7	11.255153	75.584934
32	8	11.179815	75.655260
32	9	11.094433	75.725585
32	10	10.999005	75.795911
32	11	10.893532	75.866237
32	12	10.778015	75.936562
32	13	10.652452	76.006888
32	14	10.516844	76.077213
32	15	10.371192	76.147539
32	16	10.215494	76.217864
32	17	10.049751	76.288190
32	18	9.873964	76.358515
32	19	9.688131	76.428841
32	20	9.492253	76.499166
32	21	9.286330	76.569492
32	22	9.070362	76.639817
32	23	8.844350	76.710143
32	24	8.608292	76.780469
32	25	8.362189	76.850794
32	26	8.106041	76.921120
32	27	7.839848	76.991445
32	28	7.563611	77.061771
32	29	7.277328	77.132096
32	30	6.981000	77.202422
32	31	6.674627	77.272747
32	32	6.358209	77.343073
34	-34	6.349296	77.402901
34	-33	6.647887	77.462729
34	-32	6.937566	77.522558
34	-31	7.218331	77.582386
34	-30	7.490183	77.642214
34	-29	7.753122	77.702043
34	-28	8.007147	77.761871
34	-27	8.252260	77.821699
34	-26	8.488459	77.881528
34	-25	8.715745	77.941356
34	-24	8.934118	78.001184
34	-23	9.143578	78.061013
34	-22	9.344124	78.120841
34	-21	9.535758	78.180669
34	-20	9.718478	78.240498
34	-19	9.892285	78.300326
34	-18	10.057179	78.360154
34	-17	10.213160	78.419982
34	-16	10.360227	78.479811
34	-15	10.498381	78.539639
34	-14	10.627622	78.599467
34	-13	10.747950	78.659296
34	-12	10.859365	78.719124
34	-11	10.961867	78.778952
34	-10	11.055455	78.838781
34	-9	11.140130	78.898609
34	-8	11.215892	78.958437
34	-7	11.282741	79.018266
34	-6	11.340677	79.078094
34	-5	11.389699	79.137922
34	-4	11.429809	79.197751
34	-3	11.461005	79.257579
34	-2	11.483288	79.317407
34	-1	11.496658	79.377235
34	0	11.501114	79.437064
34	1	11.496658	79.496892
34	2	11.483288	79.556720
34	3	11.461005	79.616549
34	4	11.429809	79.676377
34	5	11.389699	79.736205
34	6	11.340677	79.796034
34	7	11.282741	79.855862
34	8	11.215892	79.915690
34	9	11.140130	79.975519
34	10	11.055455	80.035347
34	11	10.961867	80.095175
34	12	10.859365	80.155004
34	13	10.747950	80.214832
34	14	10.627622	80.274660
34	15	10.498381	80.334488
34	16	10.360227	80.394317
34	17	10.213160	80.454145
34	18	10.057179	80.513973
34	19	9.892285	80.573802
34	20	9.718478	80.633630
34	21	9.535758	80.693458
34	22	9.344124	80.753287
34	23	9.143578	80.813115
34	24	8.934118	80.872943
34	25	8.715745	80.932772
34	26	8.488459	80.992600
34	27	8.252260	81.052428
34	28	8.007147	81.112257
34	29	7.753122	81.172085
34	30	7.490183	81.231913
34	31	7.218331	81.291741
34	32	6.937566	81.351570
34	33	6.647887	81.411398
34	34	6.349296	81.471226
36	-36	6.341333	81.521635
36	-35	6.624000	81.572045
36	-34	6.898704	81.622454
36	-33	7.165446	81.672863
36	-32	7.424225	81.723272
36	-31	7.675042	81.773681
36	-30	7.917897	81.824090
36	-29	8.152789	81.874499
36	-28	8.379718	81.924908
36	-27	8.598685	81.975317
36	-26	8.809690	82.025727
36	-25	9.012732	82.076136
36	-24	9.207812	82.126545
36	-23	9.394930	82.176954
36	-22	9.574085	82.227363
36	-21	9.745277	82.277772
36	-20	9.908507	82.328181
36	-19	10.063775	82.378590
36	-18	10.211080	82.428999
36	-17	10.350423	82.479409
36	-16	10.481803	82.529818
36	-15	10.605221	82.580227
36	-14	10.720676	82.630636
36	-13	10.828169	82.681045
36	-12	10.927700	82.731454
36	-11	11.019268	82.781863
36	-10	11.102873	82.832272
36	-9	11.178516	82.882681
36	-8	11.246197	82.933090
36	-7	11.305915	82.983500
36	-6	11.357671	83.033909
36	-5	11.401465	83.084318
36	-4	11.437296	83.134727
36	-3	11.465164	83.185136
36	-2	11.485070	83.235545
36	-1	11.497014	83.285954
36	0	11.500995	83.336363
36	1	11.497014	83.386772
36	2	11.485070	83.437182
36	3	11.465164	83.487591
36	4	11.437296	83.538000
36	5	11.401465	83.588409
36	6	11.357671	83.638818
36	7	11.305915	83.689227
36	8	11.246197	83.739636
36	9	11.178516	83.790045
36	10	11.102873	83.840454
36	11	11.019268	83.890863
36	12	10.927700	83.941273
36	13	10.828169	83.991682
36	14	10.720676	84.042091
36	15	10.605221	84.092500
36	16	10.481803	84.142909
36	17	10.350423	84.193318
36	18	10.211080	84.243727
36	19	10.063775	84.294136
36	20	9.908507	84.344545
36	21	9.745277	84.394955
36	22	9.574085	84.445364
36	23	9.394930	84.495773
36	24	9.207812	84.546182
36	25	9.012732	84.596591
36	26	8.809690	84.647000
36	27	8.598685	84.697409
36	28	8.379718	84.747818
36	29	8.152789	84.798227
36	30	7.917897	84.848636
36	31	7.675042	84.899046
36	32	7.424225	84.949455
36	33	7.165446	84.999864
36	34	6.898704	85.050273
36	35	6.624000	85.100682
36	36	6.341333	85.151091
38	-38	6.334177	85.193156
38	-37	6.602532	85.235221
38	-36	6.863730	85.277286
38	-35	7.117772	85.319351
38	-34	7.364658	85.361416
38	-33	7.604388	85.403481
38	-32	7.836962	85.445545
38	-31	8.062380	85.487610
38	-30	8.280641	85.529675
38	-29	8.491747	85.571740
38	-28	8.695696	85.613805
38	-27	8.892489	85.655870
38	-26	9.082127	85.697935
38	-25	9.264608	85.740000
38	-24	9.439932	85.782065
38	-23	9.608101	85.824129
38	-22	9.769114	85.866194
38	-21	9.922970	85.908259
38	-20	10.069671	85.950324
38	-19	10.209215	85.992389
38	-18	10.341603	86.034454
38	-17	10.466835	86.076519
38	-16	10.584911	86.118584
38	-15	10.695831	86.160649
38	-14	10.799595	86.202714
38	-13	10.896203	86.244778
38	-12	10.985654	86.286843
38	-11	11.067949	86.328908
38	-10	11.143089	86.370973
38	-9	11.211072	86.413038
38	-8	11.271899	86.455103
38	-7	11.325570	86.497168
38	-6	11.372084	86.539233
38	-5	11.411443	86.581298
38	-4	11.443646	86.623362
38	-3	11.468692	86.665427
38	-2	11.486582	86.707492
38	-1	11.497316	86.749557
38	0	11.500895	86.791622
38	1	11.497316	86.833687
38	2	11.486582	86.875752
38	3	11.468692	86.917817
38	4	11.443646	86.959882
38	5	11.411443	87.001947
38	6	11.372084	87.044011
38	7	11.325570	87.086076
38	8	11.271899	87.128141
38	9	11.211072	87.170206
38	10	11.143089	87.212271
38	11	11.067949	87.254336
38	12	10.985654	87.296401
38	13	10.896203	87.338466
38	14	10.799595	87.380531
38	15	10.695831	87.422596
38	16	10.584911	87.464660
38	17	10.466835	87.506725
38	18	10.341603	87.548790
38	19	10.209215	87.590855
38	20	10.069671	87.632920
38	21	9.922970	87.674985
38	22	9.769114	87.717050
38	23	9.608101	87.759115
38	24	9.439932	87.801180
38	25	9.264608	87.843244
38	26	9.082127	87.885309
38	27	8.892489	87.927374
38	28	8.695696	87.969439
38	29	8.491747	88.011504
38	30	8.280641	88.053569
38	31	8.062380	88.095634
38	32	7.836962	88.137699
38	33	7.604388	88.179764
38	34	7.364658	88.221829
38	35	7.117772	88.263893
38	36	6.863730	88.305958
38	37	6.602532	88.348023
38	38	6.334177	88.390088
40	-40	6.327711	88.424853
40	-39	6.583133	88.459618
40	-38	6.832088	88.494382
40	-37	7.074577	88.529147
40	-36	7.310599	88.563912
40	-35	7.540156	88.598677
40	-34	7.763245	88.633441
40	-33	7.979869	88.668206
40	-32	8.190026	88.702971
40	-31	8.393717	88.737736
40	-30	8.590941	88.772500
40	-29	8.781699	88.807265
40	-28	8.965991	88.842030
40	-27	9.143816	88.876795
40	-26	9.315175	88.911560
40	-25	9.480067	88.946324
40	-24	9.638493	88.981089
40	-23	9.790453	89.015854
40	-22	9.935946	89.050619
40	-21	10.074973	89.085383
40	-20	10.207534	89.120148
40	-19	10.333628	89.154913
40	-18	10.453256	89.189678
40	-17	10.566418	89.224442
40	-16	10.673113	89.259207
40	-15	10.773341	89.293972
40	-14	10.867104	89.328737
40	-13	10.954400	89.363501
40	-12	11.035230	89.398266
40	-11	11.109593	89.433031
40	-10	11.177490	89.467796
40	-9	11.238920	89.502560
40	-8	11.293884	89.537325
40	-7	11.342382	89.572090
40	-6	11.384414	89.606855
40	-5	11.419979	89.641619
40	-4	11.449077	89.676384
40	-3	11.471710	89.711149
40	-2	11.487876	89.745914
40	-1	11.497575	89.780678
40	0	11.500808	89.815443
40	1	11.497575	89.850208
40	2	11.487876	89.884973
40	3	11.471710	89.919738
40	4	11.449077	89.954502
40	5	11.419979	89.989267
40	6	11.384414	90.024032
40	7	11.342382	90.058797
40	8	11.293884	90.093561
40	9	11.238920	90.128326
40	10	11.177490	90.163091
40	11	11.109593	90.197856
40	12	11.035230	90.232620
40	13	10.954400	90.267385
40	14	10.867104	90.302150
40	15	10.773341	90.336915
40	16	10.673113	90.371679
40	17	10.566418	90.406444
40	18	10.453256	90.441209
40	19	10.333628	90.475974
40	20	10.207534	90.510738
40	21	10.074973	90.545503
40	22	9.935946	90.580268
40	23	9.790453	90.615033
40	24	9.638493	90.649797
40	25	9.480067	90.684562
40	26	9.315175	90.719327
40	27	9.143816	90.754092
40	28	8.965991	90.788856
40	29	8.781699	90.823621
40	30	8.590941	90.858386
40	31	8.393717	90.893151
40	32	8.190026	90.927916
40	33	7.979869	90.962680
40	34	7.763245	90.997445
40	35	7.540156	91.032210
40	36	7.310599	91.066975
40	37	7.074577	91.101739
40	38	6.832088	91.136504
40	39	6.583133	91.171269
40	40	6.327711	91.206034
42	-42	6.321839	91.234489
42	-41	6.565517	91.262945
42	-40	6.803324	91.291400
42	-39	7.035258	91.319856
42	-38	7.261321	91.348311
42	-37	7.481512	91.376767
42	-36	7.695832	91.405223
42	-35	7.904279	91.433678
42	-34	8.106855	91.462134
42	-33	8.303559	91.490589
42	-32	8.494391	91.519045
42	-31	8.679352	91.547500
42	-30	8.858441	91.575956
42	-29	9.031658	91.604411
42	-28	9.199003	91.632867
42	-27	9.360476	91.661323
42	-26	9.516078	91.689778
42	-25	9.665808	91.718234
42	-24	9.809666	91.746689
42	-23	9.947653	91.775145
42	-22	10.079767	91.803600
42	-21	10.206010	91.832056
42	-20	10.326381	91.860512
42	-19	10.440881	91.888967
42	-18	10.549508	91.917423
42	-17	10.652264	91.945878
42	-16	10.749148	91.974334
42	-15	10.840161	92.002789
42	-14	10.925301	92.031245
42	-13	11.004570	92.059701
42	-12	11.077967	92.088156
42	-11	11.145492	92.116612
42	-10	11.207146	92.145067
42	-9	11.262928	92.173523
42	-8	11.312838	92.201978
42	-7	11.356876	92.230434
42	-6	11.395042	92.258889
42	-5	11.427337	92.287345
42	-4	11.453760	92.315801
42	-3	11.474311	92.344256
42	-2	11.488990	92.372712
42	-1	11.497798	92.401167
42	0	11.500734	92.429623
42	1	11.497798	92.458078
42	2	11.488990	92.486534
42	3	11.474311	92.514990
42	4	11.453760	92.543445
42	5	11.427337	92.571901
42	6	11.395042	92.600356
42	7	11.356876	92.628812
42	8	11.312838	92.657267
42	9	11.262928	92.685723
42	10	11.207146	92.714178
42	11	11.145492	92.742634
42	12	11.077967	92.771090
42	13	11.004570	92.799545
42	14	10.925301	92.828001
42	15	10.840161	92.856456
42	16	10.749148	92.884912
42	17	10.652264	92.913367
42	18	10.549508	92.941823
42	19	10.440881	92.970279
42	20	10.326381	92.998734
42	21	10.206010	93.027190
42	22	10.079767	93.055645
42	23	9.947653	93.084101
42	24	9.809666	93.112556
42	25	9.665808	93.141012
42	26	9.516078	93.169468
42	27	9.360476	93.197923
42	28	9.199003	93.226379
42	29	9.031658	93.254834
42	30	8.858441	93.283290
42	31	8.679352	93.311745
42	32	8.494391	93.340201
42	33	8.303559	93.368656
42	34	8.106855	93.397112
42	35	7.904279	93.425568
42	36	7.695832	93.454023
42	37	7.481512	93.482479
42	38	7.261321	93.510934
42	39	7.035258	93.539390
42	40	6.803324	93.567845
42	41	6.565517	93.596301
42	42	6.321839	93.624757
44	-44	6.316484	93.647824
44	-43	6.549451	93.670892
44	-42	6.777062	93.693960
44	-41	6.999318	93.717027
44	-40	7.216218	93.740095
44	-39	7.427763	93.763163
44	-38	7.633952	93.786230
44	-37	7.834786	93.809298
44	-36	8.030264	93.832366
44	-35	8.220387	93.855433
44	-34	8.405153	93.878501
44	-33	8.584565	93.901569
44	-32	8.758621	93.924636
44	-31	8.927321	93.947704
44	-30	9.090666	93.970772
44	-29	9.248655	93.993839
44	-28	9.401288	94.016907
44	-27	9.548566	94.039975
44	-26	9.690489	94.063042
44	-25	9.827056	94.086110
44	-24	9.958267	94.109178
44	-23	10.084123	94.132245
44	-22	10.204623	94.155313
44	-21	10.319768	94.178381
44	-20	10.429557	94.201448
44	-19	10.533990	94.224516
44	-18	10.633068	94.247584
44	-17	10.726790	94.270651
44	-16	10.815157	94.293719
44	-15	10.898168	94.316787
44	-14	10.975824	94.339854
44	-13	11.048124	94.362922
44	-12	11.115069	94.385990
44	-11	11.176658	94.409057
44	-10	11.232891	94.432125
44	-9	11.283769	94.455193
44	-8	11.329291	94.478260
44	-7	11.369458	94.501328
44	-6	11.404269	94.524396
44	-5	11.433725	94.547463
44	-4	11.457825	94.570531
44	-3	11.476569	94.593599
44	-2	11.489958	94.616666
44	-1	11.497992	94.639734
44	0	11.500669	94.662802
44	1	11.497992	94.685869
44	2	11.489958	94.708937
44	3	11.476569	94.732005
44	4	11.457825	94.755072
44	5	11.433725	94.778140
44	6	11.404269	94.801208
44	7	11.369458	94.824275
44	8	11.329291	94.847343
44	9	11.283769	94.870411
44	10	11.232891	94.893478
44	11	11.176658	94.916546
44	12	11.115069	94.939614
44	13	11.048124	94.962681
44	14	10.975824	94.985749
44	15	10.898168	95.008817
44	16	10.815157	95.031884
44	17	10.726790	95.054952
44	18	10.633068	95.078020
44	19	10.533990	95.101087
44	20	10.429557	95.124155
44	21	10.319768	95.147223
44	22	10.204623	95.170290
44	23	10.084123	95.193358
44	24	9.958267	95.216426
44	25	9.827056	95.239494
44	26	9.690489	95.262561
44	27	9.548566	95.285629
44	28	9.401288	95.308697
44	29	9.248655	95.331764
44	30	9.090666	95.354832
44	31	8.927321	95.377900
44	32	8.758621	95.400967
44	33	8.584565	95.424035
44	34	8.405153	95.447103
44	35	8.220387	95.470170
44	36	8.030264	95.493238
44	37	7.834786	95.516306
44	38	7.633952	95.539373
44	39	7.427763	95.562441
44	40	7.216218	95.585509
44	41	6.999318	95.608576
44	42	6.777062	95.631644
44	43	6.549451	95.654712
44	44	6.316484	95.677779
46	-46	6.311579	95.696300
46	-45	6.534737	95.714820
46	-44	6.752990	95.733340
46	-43	6.966339	95.751861
46	-42	7.174783	95.770381
46	-41	7.378323	95.788901
46	-40	7.576958	95.807422
46	-39	7.770688	95.825942
46	-38	7.959514	95.844462
46	-37	8.143436	95.862983
46	-36	8.322452	95.881503
46	-35	8.496564	95.900023
46	-34	8.665772	95.918544
46	-33	8.830075	95.937064
46	-32	8.989474	95.955584
46	-31	9.143968	95.974105
46	-30	9.293557	95.992625
46	-29	9.438242	96.011145
46	-28	9.578022	96.029666
46	-27	9.712898	96.048186
46	-26	9.842869	96.066706
46	-25	9.967935	96.085227
46	-24	10.088097	96.103747
46	-23	10.203355	96.122267
46	-22	10.313707	96.140788
46	-21	10.419156	96.159308
46	-20	10.519699	96.177828
46	-19	10.615338	96.196349
46	-18	10.706073	96.214869
46	-17	10.791903	96.233389
46	-16	10.872828	96.251910
46	-15	10.948849	96.270430
46	-14	11.019965	96.288950
46	-13	11.086177	96.307471
46	-12	11.147484	96.325991
46	-11	11.203887	96.344511
46	-10	11.255385	96.363032
46	-9	11.301978	96.381552
46	-8	11.343667	96.400072
46	-7	11.380451	96.418593
46	-6	11.412331	96.437113
46	-5	11.439306	96.455633
46	-4	11.461377	96.474154
46	-3	11.478543	96.492674
46	-2	11.490804	96.511194
46	-1	11.498161	96.529715
46	0	11.500613	96.548235
46	1	11.498161	96.566755
46	2	11.490804	96.585276
46	3	11.478543	96.603796
46	4	11.461377	96.622316
46	5	11.439306	96.640837
46	6	11.412331	96.659357
46	7	11.380451	96.677877
46	8	11.343667	96.696398
46	9	11.301978	96.714918
46	10	11.255385	96.733438
46	11	11.203887	96.751959
46	12	11.147484	96.770479
46	13	11.086177	96.788999
46	14	11.019965	96.807520
46	15	10.948849	96.826040
46	16	10.872828	96.844560
46	17	10.791903	96.863081
46	18	10.706073	96.881601
46	19	10.615338	96.900122
46	20	10.519699	96.918642
46	21	10.419156	96.937162
46	22	10.313707	96.955683
46	23	10.203355	96.974203
46	24	10.088097	96.992723
46	25	9.967935	97.011244
46	26	9.842869	97.029764
46	27	9.712898	97.048284
46	28	9.578022	97.066805
46	29	9.438242	97.085325
46	30	9.293557	97.103845
46	31	9.143968	97.122366
46	32	8.989474	97.140886
46	33	8.830075	97.159406
46	34	8.665772	97.177927
46	35	8.496564	97.196447
46	36	8.322452	97.214967
46	37	8.143436	97.233488
46	38	7.959514	97.252008
46	39	7.770688	97.270528
46	40	7.576958	97.289049
46	41	7.378323	97.307569
46	42	7.174783	97.326089
46	43	6.966339	97.344610
46	44	6.752990	97.363130
46	45	6.534737	97.381650
46	46	6.311579	97.400171
48	-48	6.307071	97.414897
48	-47	6.521212	97.429624
48	-46	6.730845	97.444350
48	-45	6.935970	97.459077
48	-44	7.136587	97.473804
48	-43	7.332695	97.488530
48	-42	7.524296	97.503257
48	-41	7.711388	97.517983
48	-40	7.893971	97.532710
48	-39	8.072047	97.547437
48	-38	8.245614	97.562163
48	-37	8.414673	97.576890
48	-36	8.579224	97.591616
48	-35	8.739266	97.606343
48	-34	8.894801	97.621070
48	-33	9.045827	97.635796
48	-32	9.192344	97.650523
48	-31	9.334354	97.665249
48	-30	9.471855	97.679976
48	-29	9.604848	97.694703
48	-28	9.733333	97.709429
48	-27	9.857310	97.724156
48	-26	9.976778	97.738882
48	-25	10.091738	97.753609
48	-24	10.202190	97.768336
48	-23	10.308134	97.783062
48	-22	10.409569	97.797789
48	-21	10.506497	97.812516
48	-20	10.598915	97.827242
48	-19	10.686826	97.841969
48	-18	10.770229	97.856695
48	-17	10.849123	97.871422
48	-16	10.923509	97.886149
48	-15	10.993386	97.900875
48	-14	11.058756	97.915602
48	-13	11.119617	97.930328
48	-12	11.175970	97.945055
48	-11	11.227815	97.959782
48	-10	11.275152	97.974508
48	-9	11.317980	97.989235
48	-8	11.356300	98.003961
48	-7	11.390112	98.018688
48	-6	11.419415	98.033415
48	-5	11.444211	98.048141
48	-4	11.464498	98.062868
48	-3	11.480276	98.077594
48	-2	11.491547	98.092321
48	-1	11.498309	98.107048
48	0	11.500564	98.121774
48	1	11.498309	98.136501
48	2	11.491547	98.151227
48	3	11.480276	98.165954
48	4	11.464498	98.180681
48	5	11.444211	98.195407
48	6	11.419415	98.210134
48	7	11.390112	98.224860
48	8	11.356300	98.239587
48	9	11.317980	98.254314
48	10	11.275152	98.269040
48	11	11.227815	98.283767
48	12	11.175970	98.298493
48	13	11.119617	98.313220
48	14	11.058756	98.327947
48	15	10.993386	98.342673
48	16	10.923509	98.357400
48	17	10.849123	98.372126
48	18	10.770229	98.386853
48	19	10.686826	98.401580
48	20	10.598915	98.416306
48	21	10.506497	98.431033
48	22	10.409569	98.445759
48	23	10.308134	98.460486
48	24	10.202190	98.475213
48	25	10.091738	98.489939
48	26	9.976778	98.504666
48	27	9.857310	98.519392
48	28	9.733333	98.534119
48	29	9.604848	98.548846
48	30	9.471855	98.563572
48	31	9.334354	98.578299
48	32	9.192344	98.593025
48	33	9.045827	98.607752
48	34	8.894801	98.622479
48	35	8.739266	98.637205
48	36	8.579224	98.651932
48	37	8.414673	98.666659
48	38	8.245614	98.681385
48	39	8.072047	98.696112
48	40	7.893971	98.710838
48	41	7.711388	98.725565
48	42	7.524296	98.740292
48	43	7.332695	98.755018
48	44	7.136587	98.769745
48	45	6.935970	98.784471
48	46	6.730845	98.799198
48	47	6.521212	98.813925
48	48	6.307071	98.828651
50	-50	6.302913	98.840249
50	-49	6.508738	98.851846
50	-48	6.710405	98.863444
50	-47	6.907914	98.875041
50	-46	7.101265	98.886639
50	-45	7.290458	98.898236
50	-44	7.475493	98.909834
50	-43	7.656370	98.921431
50	-42	7.833088	98.933029
50	-41	8.005649	98.944626
50	-40	8.174051	98.956224
50	-39	8.338296	98.967821
50	-38	8.498382	98.979419
50	-37	8.654310	98.991016
50	-36	8.806080	99.002614
50	-35	8.953692	99.014211
50	-34	9.097146	99.025809
50	-33	9.236442	99.037406
50	-32	9.371580	99.049004
50	-31	9.502560	99.060601
50	-30	9.629381	99.072199
50	-29	9.752045	99.083796
50	-28	9.870550	99.095394
50	-27	9.984898	99.106991
50	-26	10.095087	99.118589
50	-25	10.201118	99.130186
50	-24	10.302991	99.141784
50	-23	10.400706	99.153382
50	-22	10.494263	99.164979
50	-21	10.583662	99.176577
50	-20	10.668903	99.188174
50	-19	10.749985	99.199772
50	-18	10.826910	99.211369
50	-17	10.899676	99.222967
50	-16	10.968285	99.234564
50	-15	11.032735	99.246162
50	-14	11.093027	99.257759
50	-13	11.149162	99.269357
50	-12	11.201138	99.280954
50	-11	11.248956	99.292552
50	-10	11.292615	99.304149
50	-9	11.332117	99.315747
50	-8	11.367461	99.327344
50	-7	11.398647	99.338942
50	-6	11.425674	99.350539
50	-5	11.448544	99.362137
50	-4	11.467255	99.373734
50	-3	11.481808	99.385332
50	-2	11.492204	99.396929
50	-1	11.498441	99.408527
50	0	11.500520	99.420124
50	1	11.498441	99.431722
50	2	11.492204	99.443319
50	3	11.481808	99.454917
50	4	11.467255	99.466514
50	5	11.448544	99.478112
50	6	11.425674	99.489709
50	7	11.398647	99.501307
50	8	11.367461	99.512904
50	9	11.332117	99.524502
50	10	11.292615	99.536099
50	11	11.248956	99.547697
50	12	11.201138	99.559294
50	13	11.149162	99.570892
50	14	11.093027	99.582490
50	15	11.032735	99.594087
50	16	10.968285	99.605685
50	17	10.899676	99.617282
50	18	10.826910	99.628880
50	19	10.749985	99.640477
50	20	10.668903	99.652075
50	21	10.583662	99.663672
50	22	10.494263	99.675270
50	23	10.400706	99.686867
50	24	10.302991	99.698465
50	25	10.201118	99.710062
50	26	10.095087	99.721660
50	27	9.984898	99.733257
50	28	9.870550	99.744855
50	29	9.752045	99.756452
50	30	9.629381	99.768050
50	31	9.502560	99.779647
50	32	9.371580	99.791245
50	33	9.236442	99.802842
50	34	9.097146	99.814440
50	35	8.953692	99.826037
50	36	8.806080	99.837635
50	37	8.654310	99.849232
50	38	8.498382	99.860830
50	39	8.338296	99.872427
50	40	8.174051	99.884025
50	41	8.005649	99.895622
50	42	7.833088	99.907220
50	43	7.656370	99.918817
50	44	7.475493	99.930415
50	45	7.290458	99.942012
50	46	7.101265	99.953610
50	47	6.907914	99.965207
50	48	6.710405	99.976805
50	49	6.508738	99.988402
50	50	6.302913	100.000000
