0	0	9.733333	0.211678
2	-2	7.714286	0.422114
2	-1	10.742857	0.632551
2	0	11.752381	0.842988
2	1	10.742857	1.053424
2	2	7.714286	1.263861
4	-4	7.163636	1.471429
4	-3	9.090909	1.678998
4	-2	10.467532	1.886566
4	-1	11.293506	2.094135
4	0	11.568831	2.301704
4	1	11.293506	2.509272
4	2	10.467532	2.716841
4	3	9.090909	2.924409
4	4	7.163636	3.131978
6	-6	6.906667	3.335118
6	-5	8.320000	3.538259
6	-4	9.476364	3.741399
6	-3	10.375758	3.944539
6	-2	11.018182	4.147680
6	-1	11.403636	4.350820
6	0	11.532121	4.553961
6	1	11.403636	4.757101
6	2	11.018182	4.960242
6	3	10.375758	5.163382
6	4	9.476364	5.366522
6	5	8.320000	5.569663
6	6	6.906667	5.772803
8	-8	6.757895	5.970057
8	-7	7.873684	6.167311
8	-6	8.840702	6.364565
8	-5	9.658947	6.561819
8	-4	10.328421	6.759073
8	-3	10.849123	6.956327
8	-2	11.221053	7.153581
8	-1	11.444211	7.350835
8	0	11.518596	7.548088
8	1	11.444211	7.745342
8	2	11.221053	7.942596
8	3	10.849123	8.139850
8	4	10.328421	8.337104
8	5	9.658947	8.534358
8	6	8.840702	8.731612
8	7	7.873684	8.928866
8	8	6.757895	9.126120
10	-10	6.660870	9.316162
10	-9	7.582609	9.506203
10	-8	8.407323	9.696245
10	-7	9.135011	9.886287
10	-6	9.765675	10.076329
10	-5	10.299314	10.266371
10	-4	10.735927	10.456413
10	-3	11.075515	10.646455
10	-2	11.318078	10.836497
10	-1	11.463616	11.026539
10	0	11.512128	11.216580
10	1	11.463616	11.406622
10	2	11.318078	11.596664
10	3	11.075515	11.786706
10	4	10.735927	11.976748
10	5	10.299314	12.166790
10	6	9.765675	12.356832
10	7	9.135011	12.546874
10	8	8.407323	12.736916
10	9	7.582609	12.926957
10	10	6.660870	13.116999
12	-12	6.592593	13.298663
12	-11	7.377778	13.480326
12	-10	8.094686	13.661990
12	-9	8.743317	13.843653
12	-8	9.323671	14.025317
12	-7	9.835749	14.206980
12	-6	10.279549	14.388643
12	-5	10.655072	14.570307
12	-4	10.962319	14.751970
12	-3	11.201288	14.933634
12	-2	11.371981	15.115297
12	-1	11.474396	15.296961
12	0	11.508535	15.478624
12	1	11.474396	15.660288
12	2	11.371981	15.841951
12	3	11.201288	16.023614
12	4	10.962319	16.205278
12	5	10.655072	16.386941
12	6	10.279549	16.568605
12	7	9.835749	16.750268
12	8	9.323671	16.931932
12	9	8.743317	17.113595
12	10	8.094686	17.295259
12	11	7.377778	17.476922
12	12	6.592593	17.658585
14	-14	6.541935	17.830883
14	-13	7.225806	18.003181
14	-12	7.859020	18.175479
14	-11	8.441577	18.347777
14	-10	8.973477	18.520075
14	-9	9.454719	18.692373
14	-8	9.885305	18.864671
14	-7	10.265233	19.036969
14	-6	10.594504	19.209267
14	-5	10.873118	19.381565
14	-4	11.101075	19.553863
14	-3	11.278375	19.726161
14	-2	11.405018	19.898459
14	-1	11.481004	20.070757
14	0	11.506332	20.243055
14	1	11.481004	20.415353
14	2	11.405018	20.587651
14	3	11.278375	20.759949
14	4	11.101075	20.932247
14	5	10.873118	21.104545
14	6	10.594504	21.276843
14	7	10.265233	21.449141
14	8	9.885305	21.621439
14	9	9.454719	21.793737
14	10	8.973477	21.966035
14	11	8.441577	22.138333
14	12	7.859020	22.310631
14	13	7.225806	22.482929
14	14	6.541935	22.655227
16	-16	6.502857	22.817366
16	-15	7.108571	22.979505
16	-14	7.675207	23.141644
16	-13	8.202765	23.303783
16	-12	8.691244	23.465922
16	-11	9.140645	23.628061
16	-10	9.550968	23.790200
16	-9	9.922212	23.952339
16	-8	10.254378	24.114478
16	-7	10.547465	24.276616
16	-6	10.801475	24.438755
16	-5	11.016406	24.600894
16	-4	11.192258	24.763033
16	-3	11.329032	24.925172
16	-2	11.426728	25.087311
16	-1	11.485346	25.249450
16	0	11.504885	25.411589
16	1	11.485346	25.573728
16	2	11.426728	25.735867
16	3	11.329032	25.898006
16	4	11.192258	26.060145
16	5	11.016406	26.222284
16	6	10.801475	26.384423
16	7	10.547465	26.546562
16	8	10.254378	26.708701
16	9	9.922212	26.870840
16	10	9.550968	27.032979
16	11	9.140645	27.195117
16	12	8.691244	27.357256
16	13	8.202765	27.519395
16	14	7.675207	27.681534
16	15	7.108571	27.843673
16	16	6.502857	28.005812
18	-18	6.471795	28.157199
18	-17	7.015385	28.308586
18	-16	7.527912	28.459974
18	-15	8.009377	28.611361
18	-14	8.459780	28.762748
18	-13	8.879121	28.914135
18	-12	9.267399	29.065522
18	-11	9.624615	29.216909
18	-10	9.950769	29.368296
18	-9	10.245861	29.519683
18	-8	10.509890	29.671071
18	-7	10.742857	29.822458
18	-6	10.944762	29.973845
18	-5	11.115604	30.125232
18	-4	11.255385	30.276619
18	-3	11.364103	30.428006
18	-2	11.441758	30.579393
18	-1	11.488352	30.730780
18	0	11.503883	30.882168
18	1	11.488352	31.033555
18	2	11.441758	31.184942
18	3	11.364103	31.336329
18	4	11.255385	31.487716
18	5	11.115604	31.639103
18	6	10.944762	31.790490
18	7	10.742857	31.941877
18	8	10.509890	32.093265
18	9	10.245861	32.244652
18	10	9.950769	32.396039
18	11	9.624615	32.547426
18	12	9.267399	32.698813
18	13	8.879121	32.850200
18	14	8.459780	33.001587
18	15	8.009377	33.152974
18	16	7.527912	33.304362
18	17	7.015385	33.455749
18	18	6.471795	33.607136
20	-20	6.446512	33.747380
20	-19	6.939535	33.887624
20	-18	7.407275	34.027869
20	-17	7.849732	34.168113
20	-16	8.266905	34.308357
20	-15	8.658795	34.448601
20	-14	9.025403	34.588845
20	-13	9.366726	34.729090
20	-12	9.682767	34.869334
20	-11	9.973524	35.009578
20	-10	10.238998	35.149822
20	-9	10.479189	35.290067
20	-8	10.694097	35.430311
20	-7	10.883721	35.570555
20	-6	11.048062	35.710799
20	-5	11.187120	35.851044
20	-4	11.300894	35.991288
20	-3	11.389386	36.131532
20	-2	11.452594	36.271776
20	-1	11.490519	36.412020
20	0	11.503160	36.552265
20	1	11.490519	36.692509
20	2	11.452594	36.832753
20	3	11.389386	36.972997
20	4	11.300894	37.113242
20	5	11.187120	37.253486
20	6	11.048062	37.393730
20	7	10.883721	37.533974
20	8	10.694097	37.674219
20	9	10.479189	37.814463
20	10	10.238998	37.954707
20	11	9.973524	38.094951
20	12	9.682767	38.235196
20	13	9.366726	38.375440
20	14	9.025403	38.515684
20	15	8.658795	38.655928
20	16	8.266905	38.796172
20	17	7.849732	38.936417
20	18	7.407275	39.076661
20	19	6.939535	39.216905
20	20	6.446512	39.357149
22	-22	6.425532	39.486056
22	-21	6.876596	39.614963
22	-20	7.306680	39.743870
22	-19	7.715784	39.872776
22	-18	8.103909	40.001683
22	-17	8.471054	40.130590
22	-16	8.817219	40.259496
22	-15	9.142405	40.388403
22	-14	9.446611	40.517310
22	-13	9.729837	40.646217
22	-12	9.992083	40.775123
22	-11	10.233350	40.904030
22	-10	10.453637	41.032937
22	-9	10.652944	41.161843
22	-8	10.831272	41.290750
22	-7	10.988619	41.419657
22	-6	11.124988	41.548564
22	-5	11.240376	41.677470
22	-4	11.334785	41.806377
22	-3	11.408214	41.935284
22	-2	11.460663	42.064191
22	-1	11.492133	42.193097
22	0	11.502622	42.322004
22	1	11.492133	42.450911
22	2	11.460663	42.579817
22	3	11.408214	42.708724
22	4	11.334785	42.837631
22	5	11.240376	42.966538
22	6	11.124988	43.095444
22	7	10.988619	43.224351
22	8	10.831272	43.353258
22	9	10.652944	43.482164
22	10	10.453637	43.611071
22	11	10.233350	43.739978
22	12	9.992083	43.868885
22	13	9.729837	43.997791
22	14	9.446611	44.126698
22	15	9.142405	44.255605
22	16	8.817219	44.384511
22	17	8.471054	44.513418
22	18	8.103909	44.642325
22	19	7.715784	44.771232
22	20	7.306680	44.900138
22	21	6.876596	45.029045
22	22	6.425532	45.157952
24	-24	6.407843	45.275512
24	-23	6.823529	45.393072
24	-22	7.221527	45.510633
24	-21	7.601836	45.628193
24	-20	7.964456	45.745753
24	-19	8.309387	45.863313
24	-18	8.636629	45.980874
24	-17	8.946183	46.098434
24	-16	9.238048	46.215994
24	-15	9.512224	46.333554
24	-14	9.768711	46.451115
24	-13	10.007509	46.568675
24	-12	10.228619	46.686235
24	-11	10.432040	46.803796
24	-10	10.617772	46.921356
24	-9	10.785816	47.038916
24	-8	10.936170	47.156476
24	-7	11.068836	47.274037
24	-6	11.183813	47.391597
24	-5	11.281101	47.509157
24	-4	11.360701	47.626717
24	-3	11.422612	47.744278
24	-2	11.466834	47.861838
24	-1	11.493367	47.979398
24	0	11.502211	48.096958
24	1	11.493367	48.214519
24	2	11.466834	48.332079
24	3	11.422612	48.449639
24	4	11.360701	48.567200
24	5	11.281101	48.684760
24	6	11.183813	48.802320
24	7	11.068836	48.919880
24	8	10.936170	49.037441
24	9	10.785816	49.155001
24	10	10.617772	49.272561
24	11	10.432040	49.390121
24	12	10.228619	49.507682
24	13	10.007509	49.625242
24	14	9.768711	49.742802
24	15	9.512224	49.860363
24	16	9.238048	49.977923
24	17	8.946183	50.095483
24	18	8.636629	50.213043
24	19	8.309387	50.330604
24	20	7.964456	50.448164
24	21	7.601836	50.565724
24	22	7.221527	50.683284
24	23	6.823529	50.800845
24	24	6.407843	50.918405
26	-26	6.392727	51.024780
26	-25	6.778182	51.131155
26	-24	7.148520	51.237530
26	-23	7.503743	51.343905
26	-22	7.843850	51.450281
26	-21	8.168841	51.556656
26	-20	8.478717	51.663031
26	-19	8.773476	51.769406
26	-18	9.053119	51.875781
26	-17	9.317647	51.982156
26	-16	9.567059	52.088531
26	-15	9.801355	52.194906
26	-14	10.020535	52.301281
26	-13	10.224599	52.407657
26	-12	10.413547	52.514032
26	-11	10.587380	52.620407
26	-10	10.746096	52.726782
26	-9	10.889697	52.833157
26	-8	11.018182	52.939532
26	-7	11.131551	53.045907
26	-6	11.229804	53.152282
26	-5	11.312941	53.258657
26	-4	11.380963	53.365033
26	-3	11.433868	53.471408
26	-2	11.471658	53.577783
26	-1	11.494332	53.684158
26	0	11.501889	53.790533
26	1	11.494332	53.896908
26	2	11.471658	54.003283
26	3	11.433868	54.109658
26	4	11.380963	54.216034
26	5	11.312941	54.322409
26	6	11.229804	54.428784
26	7	11.131551	54.535159
26	8	11.018182	54.641534
26	9	10.889697	54.747909
26	10	10.746096	54.854284
26	11	10.587380	54.960659
26	12	10.413547	55.067034
26	13	10.224599	55.173410
26	14	10.020535	55.279785
26	15	9.801355	55.386160
26	16	9.567059	55.492535
26	17	9.317647	55.598910
26	18	9.053119	55.705285
26	19	8.773476	55.811660
26	20	8.478717	55.918035
26	21	8.168841	56.024411
26	22	7.843850	56.130786
26	23	7.503743	56.237161
26	24	7.148520	56.343536
26	25	6.778182	56.449911
26	26	6.392727	56.556286
28	-28	6.379661	56.651788
28	-27	6.738983	56.747291
28	-26	7.085239	56.842793
28	-25	7.418428	56.938295
28	-24	7.738552	57.033798
28	-23	8.045609	57.129300
28	-22	8.339599	57.224802
28	-21	8.620524	57.320305
28	-20	8.888382	57.415807
28	-19	9.143174	57.511309
28	-18	9.384900	57.606812
28	-17	9.613559	57.702314
28	-16	9.829153	57.797816
28	-15	10.031680	57.893319
28	-14	10.221140	57.988821
28	-13	10.397535	58.084323
28	-12	10.560863	58.179826
28	-11	10.711125	58.275328
28	-10	10.848320	58.370830
28	-9	10.972450	58.466333
28	-8	11.083513	58.561835
28	-7	11.181510	58.657338
28	-6	11.266441	58.752840
28	-5	11.338305	58.848342
28	-4	11.397103	58.943845
28	-3	11.442835	59.039347
28	-2	11.475501	59.134849
28	-1	11.495100	59.230352
28	0	11.501633	59.325854
28	1	11.495100	59.421356
28	2	11.475501	59.516859
28	3	11.442835	59.612361
28	4	11.397103	59.707863
28	5	11.338305	59.803366
28	6	11.266441	59.898868
28	7	11.181510	59.994370
28	8	11.083513	60.089873
28	9	10.972450	60.185375
28	10	10.848320	60.280877
28	11	10.711125	60.376380
28	12	10.560863	60.471882
28	13	10.397535	60.567384
28	14	10.221140	60.662887
28	15	10.031680	60.758389
28	16	9.829153	60.853891
28	17	9.613559	60.949394
28	18	9.384900	61.044896
28	19	9.143174	61.140398
28	20	8.888382	61.235901
28	21	8.620524	61.331403
28	22	8.339599	61.426905
28	23	8.045609	61.522408
28	24	7.738552	61.617910
28	25	7.418428	61.713412
28	26	7.085239	61.808915
28	27	6.738983	61.904417
28	28	6.379661	61.999919
30	-30	6.368254	62.084990
30	-29	6.704762	62.170062
30	-28	7.029863	62.255133
30	-27	7.343557	62.340204
30	-26	7.645843	62.425275
30	-25	7.936723	62.510346
30	-24	8.216196	62.595417
30	-23	8.484262	62.680489
30	-22	8.740920	62.765560
30	-21	8.986172	62.850631
30	-20	9.220016	62.935702
30	-19	9.442454	63.020773
30	-18	9.653484	63.105845
30	-17	9.853107	63.190916
30	-16	10.041324	63.275987
30	-15	10.218133	63.361058
30	-14	10.383535	63.446129
30	-13	10.537530	63.531200
30	-12	10.680118	63.616272
30	-11	10.811299	63.701343
30	-10	10.931073	63.786414
30	-9	11.039440	63.871485
30	-8	11.136400	63.956556
30	-7	11.221953	64.041627
30	-6	11.296099	64.126699
30	-5	11.358838	64.211770
30	-4	11.410169	64.296841
30	-3	11.450094	64.381912
30	-2	11.478612	64.466983
30	-1	11.495722	64.552054
30	0	11.501426	64.637126
30	1	11.495722	64.722197
30	2	11.478612	64.807268
30	3	11.450094	64.892339
30	4	11.410169	64.977410
30	5	11.358838	65.062481
30	6	11.296099	65.147553
30	7	11.221953	65.232624
30	8	11.136400	65.317695
30	9	11.039440	65.402766
30	10	10.931073	65.487837
30	11	10.811299	65.572908
30	12	10.680118	65.657980
30	13	10.537530	65.743051
30	14	10.383535	65.828122
30	15	10.218133	65.913193
30	16	10.041324	65.998264
30	17	9.853107	66.083336
30	18	9.653484	66.168407
30	19	9.442454	66.253478
30	20	9.220016	66.338549
30	21	8.986172	66.423620
30	22	8.740920	66.508691
30	23	8.484262	66.593763
30	24	8.216196	66.678834
30	25	7.936723	66.763905
30	26	7.645843	66.848976
30	27	7.343557	66.934047
30	28	7.029863	67.019118
30	29	6.704762	67.104190
30	30	6.368254	67.189261
32	-32	6.358209	67.264448
32	-31	6.674627	67.339636
32	-30	6.981000	67.414823
32	-29	7.277328	67.490011
32	-28	7.563611	67.565198
32	-27	7.839848	67.640385
32	-26	8.106041	67.715573
32	-25	8.362189	67.790760
32	-24	8.608292	67.865948
32	-23	8.844350	67.941135
32	-22	9.070362	68.016323
32	-21	9.286330	68.091510
32	-20	9.492253	68.166697
32	-19	9.688131	68.241885
32	-18	9.873964	68.317072
32	-17	10.049751	68.392260
32	-16	10.215494	68.467447
32	-15	10.371192	68.542635
32	-14	10.516844	68.617822
32	-13	10.652452	68.693010
32	-12	10.778015	68.768197
32	-11	10.893532	68.843384
32	-10	10.999005	68.918572
32	-9	11.094433	68.993759
32	-8	11.179815	69.068947
32	-7	11.255153	69.144134
32	-6	11.320445	69.219322
32	-5	11.375693	69.294509
32	-4	11.420896	69.369697
32	-3	11.456053	69.444884
32	-2	11.481166	69.520071
32	-1	11.496233	69.595259
32	0	11.501256	69.670446
32	1	11.496233	69.745634
32	2	11.481166	69.820821
32	3	11.456053	69.896009
32	4	11.420896	69.971196
32	5	11.375693	70.046383
32	6	11.320445	70.121571
32	7	11.255153	70.196758
32	8	11.179815	70.271946
32	9	11.094433	70.347133
32	10	10.999005	70.422321
32	11	10.893532	70.497508
32	12	10.778015	70.572696
32	13	10.652452	70.647883
32	14	10.516844	70.723070
32	15	10.371192	70.798258
32	16	10.215494	70.873445
32	17	10.049751	70.948633
32	18	9.873964	71.023820
32	19	9.688131	71.099008
32	20	9.492253	71.174195
32	21	9.286330	71.249383
32	22	9.070362	71.324570
32	23	8.844350	71.399757
32	24	8.608292	71.474945
32	25	8.362189	71.550132
32	26	8.106041	71.625320
32	27	7.839848	71.700507
32	28	7.563611	71.775695
32	29	7.277328	71.850882
32	30	6.981000	71.926070
32	31	6.674627	72.001257
32	32	6.358209	72.076444
34	-34	6.349296	72.142377
34	-33	6.647887	72.208310
34	-32	6.937566	72.274243
34	-31	7.218331	72.340176
34	-30	7.490183	72.406109
34	-29	7.753122	72.472042
34	-28	8.007147	72.537975
34	-27	8.252260	72.603908
34	-26	8.488459	72.669841
34	-25	8.715745	72.735774
34	-24	8.934118	72.801707
34	-23	9.143578	72.867640
34	-22	9.344124	72.933573
34	-21	9.535758	72.999506
34	-20	9.718478	73.065439
34	-19	9.892285	73.131372
34	-18	10.057179	73.197305
34	-17	10.213160	73.263238
34	-16	10.360227	73.329171
34	-15	10.498381	73.395104
34	-14	10.627622	73.461037
34	-13	10.747950	73.526970
34	-12	10.859365	73.592903
34	-11	10.961867	73.658836
34	-10	11.055455	73.724769
34	-9	11.140130	73.790702
34	-8	11.215892	73.856635
34	-7	11.282741	73.922568
34	-6	11.340677	73.988501
34	-5	11.389699	74.054434
34	-4	11.429809	74.120367
34	-3	11.461005	74.186300
34	-2	11.483288	74.252232
34	-1	11.496658	74.318165
34	0	11.501114	74.384098
34	1	11.496658	74.450031
34	2	11.483288	74.515964
34	3	11.461005	74.581897
34	4	11.429809	74.647830
34	5	11.389699	74.713763
34	6	11.340677	74.779696
34	7	11.282741	74.845629
34	8	11.215892	74.911562
34	9	11.140130	74.977495
34	10	11.055455	75.043428
34	11	10.961867	75.109361
34	12	10.859365	75.175294
34	13	10.747950	75.241227
34	14	10.627622	75.307160
34	15	10.498381	75.373093
34	16	10.360227	75.439026
34	17	10.213160	75.504959
34	18	10.057179	75.570892
34	19	9.892285	75.636825
34	20	9.718478	75.702758
34	21	9.535758	75.768691
34	22	9.344124	75.834624
34	23	9.143578	75.900557
34	24	8.934118	75.966490
34	25	8.715745	76.032423
34	26	8.488459	76.098356
34	27	8.252260	76.164289
34	28	8.007147	76.230222
34	29	7.753122	76.296155
34	30	7.490183	76.362088
34	31	7.218331	76.428021
34	32	6.937566	76.493954
34	33	6.647887	76.559887
34	34	6.349296	76.625820
36	-36	6.341333	76.683186
36	-35	6.624000	76.740551
36	-34	6.898704	76.797917
36	-33	7.165446	76.855283
36	-32	7.424225	76.912649
36	-31	7.675042	76.970015
36	-30	7.917897	77.027381
36	-29	8.152789	77.084747
36	-28	8.379718	77.142113
36	-27	8.598685	77.199479
36	-26	8.809690	77.256845
36	-25	9.012732	77.314211
36	-24	9.207812	77.371577
36	-23	9.394930	77.428943
36	-22	9.574085	77.486309
36	-21	9.745277	77.543675
36	-20	9.908507	77.601041
36	-19	10.063775	77.658407
36	-18	10.211080	77.715773
36	-17	10.350423	77.773139
36	-16	10.481803	77.830505
36	-15	10.605221	77.887871
36	-14	10.720676	77.945237
36	-13	10.828169	78.002603
36	-12	10.927700	78.059969
36	-11	11.019268	78.117335
36	-10	11.102873	78.174701
36	-9	11.178516	78.232067
36	-8	11.246197	78.289433
36	-7	11.305915	78.346799
36	-6	11.357671	78.404165
36	-5	11.401465	78.461531
36	-4	11.437296	78.518897
36	-3	11.465164	78.576263
36	-2	11.485070	78.633629
36	-1	11.497014	78.690995
36	0	11.500995	78.748361
36	1	11.497014	78.805727
36	2	11.485070	78.863093
36	3	11.465164	78.920459
36	4	11.437296	78.977825
36	5	11.401465	79.035191
36	6	11.357671	79.092557
36	7	11.305915	79.149923
36	8	11.246197	79.207289
36	9	11.178516	79.264655
36	10	11.102873	79.322021
36	11	11.019268	79.379387
36	12	10.927700	79.436753
36	13	10.828169	79.494119
36	14	10.720676	79.551485
36	15	10.605221	79.608851
36	16	10.481803	79.666217
36	17	10.350423	79.723583
36	18	10.211080	79.780949
36	19	10.063775	79.838315
36	20	9.908507	79.895681
36	21	9.745277	79.953047
36	22	9.574085	80.010413
36	23	9.394930	80.067779
36	24	9.207812	80.125145
36	25	9.012732	80.182511
36	26	8.809690	80.239877
36	27	8.598685	80.297243
36	28	8.379718	80.354609
36	29	8.152789	80.411975
36	30	7.917897	80.469341
36	31	7.675042	80.526707
36	32	7.424225	80.584073
36	33	7.165446	80.641439
36	34	6.898704	80.698805
36	35	6.624000	80.756171
36	36	6.341333	80.813537
38	-38	6.334177	80.863059
38	-37	6.602532	80.912581
38	-36	6.863730	80.962104
38	-35	7.117772	81.011626
38	-34	7.364658	81.061148
38	-33	7.604388	81.110670
38	-32	7.836962	81.160193
38	-31	8.062380	81.209715
38	-30	8.280641	81.259237
38	-29	8.491747	81.308760
38	-28	8.695696	81.358282
38	-27	8.892489	81.407804
38	-26	9.082127	81.457327
38	-25	9.264608	81.506849
38	-24	9.439932	81.556371
38	-23	9.608101	81.605893
38	-22	9.769114	81.655416
38	-21	9.922970	81.704938
38	-20	10.069671	81.754460
38	-19	10.209215	81.803983
38	-18	10.341603	81.853505
38	-17	10.466835	81.903027
38	-16	10.584911	81.952550
38	-15	10.695831	82.002072
38	-14	10.799595	82.051594
38	-13	10.896203	82.101116
38	-12	10.985654	82.150639
38	-11	11.067949	82.200161
38	-10	11.143089	82.249683
38	-9	11.211072	82.299206
38	-8	11.271899	82.348728
38	-7	11.325570	82.398250
38	-6	11.372084	82.447772
38	-5	11.411443	82.497295
38	-4	11.443646	82.546817
38	-3	11.468692	82.596339
38	-2	11.486582	82.645862
38	-1	11.497316	82.695384
38	0	11.500895	82.744906
38	1	11.497316	82.794429
38	2	11.486582	82.843951
38	3	11.468692	82.893473
38	4	11.443646	82.942995
38	5	11.411443	82.992518
38	6	11.372084	83.042040
38	7	11.325570	83.091562
38	8	11.271899	83.141085
38	9	11.211072	83.190607
38	10	11.143089	83.240129
38	11	11.067949	83.289652
38	12	10.985654	83.339174
38	13	10.896203	83.388696
38	14	10.799595	83.438218
38	15	10.695831	83.487741
38	16	10.584911	83.537263
38	17	10.466835	83.586785
38	18	10.341603	83.636308
38	19	10.209215	83.685830
38	20	10.069671	83.735352
38	21	9.922970	83.784874
38	22	9.769114	83.834397
38	23	9.608101	83.883919
38	24	9.439932	83.933441
38	25	9.264608	83.982964
38	26	9.082127	84.032486
38	27	8.892489	84.082008
38	28	8.695696	84.131531
38	29	8.491747	84.181053
38	30	8.280641	84.230575
38	31	8.062380	84.280097
38	32	7.836962	84.329620
38	33	7.604388	84.379142
38	34	7.364658	84.428664
38	35	7.117772	84.478187
38	36	6.863730	84.527709
38	37	6.602532	84.577231
38	38	6.334177	84.626754
40	-40	6.327711	84.669171
40	-39	6.583133	84.711588
40	-38	6.832088	84.754005
40	-37	7.074577	84.796422
40	-36	7.310599	84.838839
40	-35	7.540156	84.881256
40	-34	7.763245	84.923674
40	-33	7.979869	84.966091
40	-32	8.190026	85.008508
40	-31	8.393717	85.050925
40	-30	8.590941	85.093342
40	-29	8.781699	85.135759
40	-28	8.965991	85.178177
40	-27	9.143816	85.220594
40	-26	9.315175	85.263011
40	-25	9.480067	85.305428
40	-24	9.638493	85.347845
40	-23	9.790453	85.390262
40	-22	9.935946	85.432679
40	-21	10.074973	85.475097
40	-20	10.207534	85.517514
40	-19	10.333628	85.559931
40	-18	10.453256	85.602348
40	-17	10.566418	85.644765
40	-16	10.673113	85.687182
40	-15	10.773341	85.729600
40	-14	10.867104	85.772017
40	-13	10.954400	85.814434
40	-12	11.035230	85.856851
40	-11	11.109593	85.899268
40	-10	11.177490	85.941685
40	-9	11.238920	85.984102
40	-8	11.293884	86.026520
40	-7	11.342382	86.068937
40	-6	11.384414	86.111354
40	-5	11.419979	86.153771
40	-4	11.449077	86.196188
40	-3	11.471710	86.238605
40	-2	11.487876	86.281023
40	-1	11.497575	86.323440
40	0	11.500808	86.365857
40	1	11.497575	86.408274
40	2	11.487876	86.450691
40	3	11.471710	86.493108
40	4	11.449077	86.535526
40	5	11.419979	86.577943
40	6	11.384414	86.620360
40	7	11.342382	86.662777
40	8	11.293884	86.705194
40	9	11.238920	86.747611
40	10	11.177490	86.790028
40	11	11.109593	86.832446
40	12	11.035230	86.874863
40	13	10.954400	86.917280
40	14	10.867104	86.959697
40	15	10.773341	87.002114
40	16	10.673113	87.044531
40	17	10.566418	87.086949
40	18	10.453256	87.129366
40	19	10.333628	87.171783
40	20	10.207534	87.214200
40	21	10.074973	87.256617
40	22	9.935946	87.299034
40	23	9.790453	87.341451
40	24	9.638493	87.383869
40	25	9.480067	87.426286
40	26	9.315175	87.468703
40	27	9.143816	87.511120
40	28	8.965991	87.553537
40	29	8.781699	87.595954
40	30	8.590941	87.638372
40	31	8.393717	87.680789
40	32	8.190026	87.723206
40	33	7.979869	87.765623
40	34	7.763245	87.808040
40	35	7.540156	87.850457
40	36	7.310599	87.892874
40	37	7.074577	87.935292
40	38	6.832088	87.977709
40	39	6.583133	88.020126
40	40	6.327711	88.062543
42	-42	6.321839	88.098591
42	-41	6.565517	88.134638
42	-40	6.803324	88.170686
42	-39	7.035258	88.206734
42	-38	7.261321	88.242781
42	-37	7.481512	88.278829
42	-36	7.695832	88.314877
42	-35	7.904279	88.350924
42	-34	8.106855	88.386972
42	-33	8.303559	88.423019
42	-32	8.494391	88.459067
42	-31	8.679352	88.495115
42	-30	8.858441	88.531162
42	-29	9.031658	88.567210
42	-28	9.199003	88.603258
42	-27	9.360476	88.639305
42	-26	9.516078	88.675353
42	-25	9.665808	88.711401
42	-24	9.809666	88.747448
42	-23	9.947653	88.783496
42	-22	10.079767	88.819543
42	-21	10.206010	88.855591
42	-20	10.326381	88.891639
42	-19	10.440881	88.927686
42	-18	10.549508	88.963734
42	-17	10.652264	88.999782
42	-16	10.749148	89.035829
42	-15	10.840161	89.071877
42	-14	10.925301	89.107925
42	-13	11.004570	89.143972
42	-12	11.077967	89.180020
42	-11	11.145492	89.216067
42	-10	11.207146	89.252115
42	-9	11.262928	89.288163
42	-8	11.312838	89.324210
42	-7	11.356876	89.360258
42	-6	11.395042	89.396306
42	-5	11.427337	89.432353
42	-4	11.453760	89.468401
42	-3	11.474311	89.504448
42	-2	11.488990	89.540496
42	-1	11.497798	89.576544
42	0	11.500734	89.612591
42	1	11.497798	89.648639
42	2	11.488990	89.684687
42	3	11.474311	89.720734
42	4	11.453760	89.756782
42	5	11.427337	89.792830
42	6	11.395042	89.828877
42	7	11.356876	89.864925
42	8	11.312838	89.900972
42	9	11.262928	89.937020
42	10	11.207146	89.973068
42	11	11.145492	90.009115
42	12	11.077967	90.045163
42	13	11.004570	90.081211
42	14	10.925301	90.117258
42	15	10.840161	90.153306
42	16	10.749148	90.189354
42	17	10.652264	90.225401
42	18	10.549508	90.261449
42	19	10.440881	90.297496
42	20	10.326381	90.333544
42	21	10.206010	90.369592
42	22	10.079767	90.405639
42	23	9.947653	90.441687
42	24	9.809666	90.477735
42	25	9.665808	90.513782
42	26	9.516078	90.549830
42	27	9.360476	90.585878
42	28	9.199003	90.621925
42	29	9.031658	90.657973
42	30	8.858441	90.694020
42	31	8.679352	90.730068
42	32	8.494391	90.766116
42	33	8.303559	90.802163
42	34	8.106855	90.838211
42	35	7.904279	90.874259
42	36	7.695832	90.910306
42	37	7.481512	90.946354
42	38	7.261321	90.982402
42	39	7.035258	91.018449
42	40	6.803324	91.054497
42	41	6.565517	91.090544
42	42	6.321839	91.126592
44	-44	6.316484	91.156987
44	-43	6.549451	91.187383
44	-42	6.777062	91.217778
44	-41	6.999318	91.248173
44	-40	7.216218	91.278569
44	-39	7.427763	91.308964
44	-38	7.633952	91.339359
44	-37	7.834786	91.369754
44	-36	8.030264	91.400150
44	-35	8.220387	91.430545
44	-34	8.405153	91.460940
44	-33	8.584565	91.491336
44	-32	8.758621	91.521731
44	-31	8.927321	91.552126
44	-30	9.090666	91.582522
44	-29	9.248655	91.612917
44	-28	9.401288	91.643312
44	-27	9.548566	91.673707
44	-26	9.690489	91.704103
44	-25	9.827056	91.734498
44	-24	9.958267	91.764893
44	-23	10.084123	91.795289
44	-22	10.204623	91.825684
44	-21	10.319768	91.856079
44	-20	10.429557	91.886475
44	-19	10.533990	91.916870
44	-18	10.633068	91.947265
44	-17	10.726790	91.977661
44	-16	10.815157	92.008056
44	-15	10.898168	92.038451
44	-14	10.975824	92.068846
44	-13	11.048124	92.099242
44	-12	11.115069	92.129637
44	-11	11.176658	92.160032
44	-10	11.232891	92.190428
44	-9	11.283769	92.220823
44	-8	11.329291	92.251218
44	-7	11.369458	92.281614
44	-6	11.404269	92.312009
44	-5	11.433725	92.342404
44	-4	11.457825	92.372799
44	-3	11.476569	92.403195
44	-2	11.489958	92.433590
44	-1	11.497992	92.463985
44	0	11.500669	92.494381
44	1	11.497992	92.524776
44	2	11.489958	92.555171
44	3	11.476569	92.585567
44	4	11.457825	92.615962
44	5	11.433725	92.646357
44	6	11.404269	92.676752
44	7	11.369458	92.707148
44	8	11.329291	92.737543
44	9	11.283769	92.767938
44	10	11.232891	92.798334
44	11	11.176658	92.828729
44	12	11.115069	92.859124
44	13	11.048124	92.889520
44	14	10.975824	92.919915
44	15	10.898168	92.950310
44	16	10.815157	92.980706
44	17	10.726790	93.011101
44	18	10.633068	93.041496
44	19	10.533990	93.071891
44	20	10.429557	93.102287
44	21	10.319768	93.132682
44	22	10.204623	93.163077
44	23	10.084123	93.193473
44	24	9.958267	93.223868
44	25	9.827056	93.254263
44	26	9.690489	93.284659
44	27	9.548566	93.315054
44	28	9.401288	93.345449
44	29	9.248655	93.375844
44	30	9.090666	93.406240
44	31	8.927321	93.436635
44	32	8.758621	93.467030
44	33	8.584565	93.497426
44	34	8.405153	93.527821
44	35	8.220387	93.558216
44	36	8.030264	93.588612
44	37	7.834786	93.619007
44	38	7.633952	93.649402
44	39	7.427763	93.679797
44	40	7.216218	93.710193
44	41	6.999318	93.740588
44	42	6.777062	93.770983
44	43	6.549451	93.801379
44	44	6.316484	93.831774
46	-46	6.311579	93.857203
46	-45	6.534737	93.882632
46	-44	6.752990	93.908061
46	-43	6.966339	93.933490
46	-42	7.174783	93.958919
46	-41	7.378323	93.984348
46	-40	7.576958	94.009778
46	-39	7.770688	94.035207
46	-38	7.959514	94.060636
46	-37	8.143436	94.086065
46	-36	8.322452	94.111494
46	-35	8.496564	94.136923
46	-34	8.665772	94.162352
46	-33	8.830075	94.187781
46	-32	8.989474	94.213210
46	-31	9.143968	94.238639
46	-30	9.293557	94.264068
46	-29	9.438242	94.289497
46	-28	9.578022	94.314926
46	-27	9.712898	94.340356
46	-26	9.842869	94.365785
46	-25	9.967935	94.391214
46	-24	10.088097	94.416643
46	-23	10.203355	94.442072
46	-22	10.313707	94.467501
46	-21	10.419156	94.492930
46	-20	10.519699	94.518359
46	-19	10.615338	94.543788
46	-18	10.706073	94.569217
46	-17	10.791903	94.594646
46	-16	10.872828	94.620075
46	-15	10.948849	94.645505
46	-14	11.019965	94.670934
46	-13	11.086177	94.696363
46	-12	11.147484	94.721792
46	-11	11.203887	94.747221
46	-10	11.255385	94.772650
46	-9	11.301978	94.798079
46	-8	11.343667	94.823508
46	-7	11.380451	94.848937
46	-6	11.412331	94.874366
46	-5	11.439306	94.899795
46	-4	11.461377	94.925224
46	-3	11.478543	94.950653
46	-2	11.490804	94.976083
46	-1	11.498161	95.001512
46	0	11.500613	95.026941
46	1	11.498161	95.052370
46	2	11.490804	95.077799
46	3	11.478543	95.103228
46	4	11.461377	95.128657
46	5	11.439306	95.154086
46	6	11.412331	95.179515
46	7	11.380451	95.204944
46	8	11.343667	95.230373
46	9	11.301978	95.255802
46	10	11.255385	95.281232
46	11	11.203887	95.306661
46	12	11.147484	95.332090
46	13	11.086177	95.357519
46	14	11.019965	95.382948
46	15	10.948849	95.408377
46	16	10.872828	95.433806
46	17	10.791903	95.459235
46	18	10.706073	95.484664
46	19	10.615338	95.510093
46	20	10.519699	95.535522
46	21	10.419156	95.560951
46	22	10.313707	95.586380
46	23	10.203355	95.611810
46	24	10.088097	95.637239
46	25	9.967935	95.662668
46	26	9.842869	95.688097
46	27	9.712898	95.713526
46	28	9.578022	95.738955
46	29	9.438242	95.764384
46	30	9.293557	95.789813
46	31	9.143968	95.815242
46	32	8.989474	95.840671
46	33	8.830075	95.866100
46	34	8.665772	95.891529
46	35	8.496564	95.916959
46	36	8.322452	95.942388
46	37	8.143436	95.967817
46	38	7.959514	95.993246
46	39	7.770688	96.018675
46	40	7.576958	96.044104
46	41	7.378323	96.069533
46	42	7.174783	96.094962
46	43	6.966339	96.120391
46	44	6.752990	96.145820
46	45	6.534737	96.171249
46	46	6.311579	96.196678
48	-48	6.307071	96.217787
48	-47	6.521212	96.238895
48	-46	6.730845	96.260003
48	-45	6.935970	96.281111
48	-44	7.136587	96.302219
48	-43	7.332695	96.323327
48	-42	7.524296	96.344435
48	-41	7.711388	96.365543
48	-40	7.893971	96.386651
48	-39	8.072047	96.407759
48	-38	8.245614	96.428868
48	-37	8.414673	96.449976
48	-36	8.579224	96.471084
48	-35	8.739266	96.492192
48	-34	8.894801	96.513300
48	-33	9.045827	96.534408
48	-32	9.192344	96.555516
48	-31	9.334354	96.576624
48	-30	9.471855	96.597732
48	-29	9.604848	96.618841
48	-28	9.733333	96.639949
48	-27	9.857310	96.661057
48	-26	9.976778	96.682165
48	-25	10.091738	96.703273
48	-24	10.202190	96.724381
48	-23	10.308134	96.745489
48	-22	10.409569	96.766597
48	-21	10.506497	96.787705
48	-20	10.598915	96.808813
48	-19	10.686826	96.829922
48	-18	10.770229	96.851030
48	-17	10.849123	96.872138
48	-16	10.923509	96.893246
48	-15	10.993386	96.914354
48	-14	11.058756	96.935462
48	-13	11.119617	96.956570
48	-12	11.175970	96.977678
48	-11	11.227815	96.998786
48	-10	11.275152	97.019895
48	-9	11.317980	97.041003
48	-8	11.356300	97.062111
48	-7	11.390112	97.083219
48	-6	11.419415	97.104327
48	-5	11.444211	97.125435
48	-4	11.464498	97.146543
48	-3	11.480276	97.167651
48	-2	11.491547	97.188759
48	-1	11.498309	97.209868
48	0	11.500564	97.230976
48	1	11.498309	97.252084
48	2	11.491547	97.273192
48	3	11.480276	97.294300
48	4	11.464498	97.315408
48	5	11.444211	97.336516
48	6	11.419415	97.357624
48	7	11.390112	97.378732
48	8	11.356300	97.399840
48	9	11.317980	97.420949
48	10	11.275152	97.442057
48	11	11.227815	97.463165
48	12	11.175970	97.484273
48	13	11.119617	97.505381
48	14	11.058756	97.526489
48	15	10.993386	97.547597
48	16	10.923509	97.568705
48	17	10.849123	97.589813
48	18	10.770229	97.610922
48	19	10.686826	97.632030
48	20	10.598915	97.653138
48	21	10.506497	97.674246
48	22	10.409569	97.695354
48	23	10.308134	97.716462
48	24	10.202190	97.737570
48	25	10.091738	97.758678
48	26	9.976778	97.779786
48	27	9.857310	97.800895
48	28	9.733333	97.822003
48	29	9.604848	97.843111
48	30	9.471855	97.864219
48	31	9.334354	97.885327
48	32	9.192344	97.906435
48	33	9.045827	97.927543
48	34	8.894801	97.948651
48	35	8.739266	97.969759
48	36	8.579224	97.990867
48	37	8.414673	98.011976
48	38	8.245614	98.033084
48	39	8.072047	98.054192
48	40	7.893971	98.075300
48	41	7.711388	98.096408
48	42	7.524296	98.117516
48	43	7.332695	98.138624
48	44	7.136587	98.159732
48	45	6.935970	98.180840
48	46	6.730845	98.201949
48	47	6.521212	98.223057
48	48	6.307071	98.244165
50	-50	6.302913	98.261549
50	-49	6.508738	98.278934
50	-48	6.710405	98.296318
50	-47	6.907914	98.313703
50	-46	7.101265	98.331087
50	-45	7.290458	98.348472
50	-44	7.475493	98.365856
50	-43	7.656370	98.383241
50	-42	7.833088	98.400625
50	-41	8.005649	98.418010
50	-40	8.174051	98.435394
50	-39	8.338296	98.452779
50	-38	8.498382	98.470163
50	-37	8.654310	98.487548
50	-36	8.806080	98.504932
50	-35	8.953692	98.522317
50	-34	9.097146	98.539701
50	-33	9.236442	98.557086
50	-32	9.371580	98.574470
50	-31	9.502560	98.591855
50	-30	9.629381	98.609239
50	-29	9.752045	98.626624
50	-28	9.870550	98.644008
50	-27	9.984898	98.661393
50	-26	10.095087	98.678777
50	-25	10.201118	98.696162
50	-24	10.302991	98.713546
50	-23	10.400706	98.730931
50	-22	10.494263	98.748315
50	-21	10.583662	98.765700
50	-20	10.668903	98.783084
50	-19	10.749985	98.800469
50	-18	10.826910	98.817853
50	-17	10.899676	98.835238
50	-16	10.968285	98.852623
50	-15	11.032735	98.870007
50	-14	11.093027	98.887392
50	-13	11.149162	98.904776
50	-12	11.201138	98.922161
50	-11	11.248956	98.939545
50	-10	11.292615	98.956930
50	-9	11.332117	98.974314
50	-8	11.367461	98.991699
50	-7	11.398647	99.009083
50	-6	11.425674	99.026468
50	-5	11.448544	99.043852
50	-4	11.467255	99.061237
50	-3	11.481808	99.078621
50	-2	11.492204	99.096006
50	-1	11.498441	99.113390
50	0	11.500520	99.130775
50	1	11.498441	99.148159
50	2	11.492204	99.165544
50	3	11.481808	99.182928
50	4	11.467255	99.200313
50	5	11.448544	99.217697
50	6	11.425674	99.235082
50	7	11.398647	99.252466
50	8	11.367461	99.269851
50	9	11.332117	99.287235
50	10	11.292615	99.304620
50	11	11.248956	99.322004
50	12	11.201138	99.339389
50	13	11.149162	99.356773
50	14	11.093027	99.374158
50	15	11.032735	99.391542
50	16	10.968285	99.408927
50	17	10.899676	99.426311
50	18	10.826910	99.443696
50	19	10.749985	99.461080
50	20	10.668903	99.478465
50	21	10.583662	99.495849
50	22	10.494263	99.513234
50	23	10.400706	99.530618
50	24	10.302991	99.548003
50	25	10.201118	99.565387
50	26	10.095087	99.582772
50	27	9.984898	99.600156
50	28	9.870550	99.617541
50	29	9.752045	99.634925
50	30	9.629381	99.652310
50	31	9.502560	99.669694
50	32	9.371580	99.687079
50	33	9.236442	99.704463
50	34	9.097146	99.721848
50	35	8.953692	99.739232
50	36	8.806080	99.756617
50	37	8.654310	99.774001
50	38	8.498382	99.791386
50	39	8.338296	99.808770
50	40	8.174051	99.826155
50	41	8.005649	99.843539
50	42	7.833088	99.860924
50	43	7.656370	99.878308
50	44	7.475493	99.895693
50	45	7.290458	99.913077
50	46	7.101265	99.930462
50	47	6.907914	99.947846
50	48	6.710405	99.965231
50	49	6.508738	99.982615
50	50	6.302913	100.000000
