0	0	9.733333	0.147802
2	-2	7.714286	0.295089
2	-1	10.742857	0.442377
2	0	11.752381	0.589665
2	1	10.742857	0.736952
2	2	7.714286	0.884240
4	-4	7.163636	1.030335
4	-3	9.090909	1.176429
4	-2	10.467532	1.322524
4	-1	11.293506	1.468619
4	0	11.568831	1.614714
4	1	11.293506	1.760808
4	2	10.467532	1.906903
4	3	9.090909	2.052998
4	4	7.163636	2.199093
6	-6	6.906667	2.343332
6	-5	8.320000	2.487572
6	-4	9.476364	2.631812
6	-3	10.375758	2.776052
6	-2	11.018182	2.920291
6	-1	11.403636	3.064531
6	0	11.532121	3.208771
6	1	11.403636	3.353010
6	2	11.018182	3.497250
6	3	10.375758	3.641490
6	4	9.476364	3.785730
6	5	8.320000	3.929969
6	6	6.906667	4.074209
8	-8	6.757895	4.215957
8	-7	7.873684	4.357705
8	-6	8.840702	4.499453
8	-5	9.658947	4.641201
8	-4	10.328421	4.782949
8	-3	10.849123	4.924697
8	-2	11.221053	5.066445
8	-1	11.444211	5.208193
8	0	11.518596	5.349941
8	1	11.444211	5.491689
8	2	11.221053	5.633437
8	3	10.849123	5.775185
8	4	10.328421	5.916933
8	5	9.658947	6.058681
8	6	8.840702	6.200429
8	7	7.873684	6.342177
8	8	6.757895	6.483925
10	-10	6.660870	6.622579
10	-9	7.582609	6.761233
10	-8	8.407323	6.899886
10	-7	9.135011	7.038540
10	-6	9.765675	7.177193
10	-5	10.299314	7.315847
10	-4	10.735927	7.454500
10	-3	11.075515	7.593154
10	-2	11.318078	7.731808
10	-1	11.463616	7.870461
10	0	11.512128	8.009115
10	1	11.463616	8.147768
10	2	11.318078	8.286422
10	3	11.075515	8.425075
10	4	10.735927	8.563729
10	5	10.299314	8.702383
10	6	9.765675	8.841036
10	7	9.135011	8.979690
10	8	8.407323	9.118343
10	9	7.582609	9.256997
10	10	6.660870	9.395651
12	-12	6.592593	9.530648
12	-11	7.377778	9.665646
12	-10	8.094686	9.800644
12	-9	8.743317	9.935642
12	-8	9.323671	10.070640
12	-7	9.835749	10.205638
12	-6	10.279549	10.340636
12	-5	10.655072	10.475634
12	-4	10.962319	10.610632
12	-3	11.201288	10.745630
12	-2	11.371981	10.880628
12	-1	11.474396	11.015625
12	0	11.508535	11.150623
12	1	11.474396	11.285621
12	2	11.371981	11.420619
12	3	11.201288	11.555617
12	4	10.962319	11.690615
12	5	10.655072	11.825613
12	6	10.279549	11.960611
12	7	9.835749	12.095609
12	8	9.323671	12.230607
12	9	8.743317	12.365605
12	10	8.094686	12.500602
12	11	7.377778	12.635600
12	12	6.592593	12.770598
14	-14	6.541935	12.901428
14	-13	7.225806	13.032257
14	-12	7.859020	13.163086
14	-11	8.441577	13.293915
14	-10	8.973477	13.424745
14	-9	9.454719	13.555574
14	-8	9.885305	13.686403
14	-7	10.265233	13.817232
14	-6	10.594504	13.948062
14	-5	10.873118	14.078891
14	-4	11.101075	14.209720
14	-3	11.278375	14.340549
14	-2	11.405018	14.471379
14	-1	11.481004	14.602208
14	0	11.506332	14.733037
14	1	11.481004	14.863867
14	2	11.405018	14.994696
14	3	11.278375	15.125525
14	4	11.101075	15.256354
14	5	10.873118	15.387184
14	6	10.594504	15.518013
14	7	10.265233	15.648842
14	8	9.885305	15.779671
14	9	9.454719	15.910501
14	10	8.973477	16.041330
14	11	8.441577	16.172159
14	12	7.859020	16.302989
14	13	7.225806	16.433818
14	14	6.541935	16.564647
16	-16	6.502857	16.690849
16	-15	7.108571	16.817050
16	-14	7.675207	16.943252
16	-13	8.202765	17.069453
16	-12	8.691244	17.195655
16	-11	9.140645	17.321856
16	-10	9.550968	17.448058
16	-9	9.922212	17.574259
16	-8	10.254378	17.700461
16	-7	10.547465	17.826663
16	-6	10.801475	17.952864
16	-5	11.016406	18.079066
16	-4	11.192258	18.205267
16	-3	11.329032	18.331469
16	-2	11.426728	18.457670
16	-1	11.485346	18.583872
16	0	11.504885	18.710073
16	1	11.485346	18.836275
16	2	11.426728	18.962477
16	3	11.329032	19.088678
16	4	11.192258	19.214880
16	5	11.016406	19.341081
16	6	10.801475	19.467283
16	7	10.547465	19.593484
16	8	10.254378	19.719686
16	9	9.922212	19.845887
16	10	9.550968	19.972089
16	11	9.140645	20.098291
16	12	8.691244	20.224492
16	13	8.202765	20.350694
16	14	7.675207	20.476895
16	15	7.108571	20.603097
16	16	6.502857	20.729298
18	-18	6.471795	20.850471
18	-17	7.015385	20.971645
18	-16	7.527912	21.092818
18	-15	8.009377	21.213991
18	-14	8.459780	21.335164
18	-13	8.879121	21.456337
18	-12	9.267399	21.577510
18	-11	9.624615	21.698683
18	-10	9.950769	21.819857
18	-9	10.245861	21.941030
18	-8	10.509890	22.062203
18	-7	10.742857	22.183376
18	-6	10.944762	22.304549
18	-5	11.115604	22.425722
18	-4	11.255385	22.546896
18	-3	11.364103	22.668069
18	-2	11.441758	22.789242
18	-1	11.488352	22.910415
18	0	11.503883	23.031588
18	1	11.488352	23.152761
18	2	11.441758	23.273934
18	3	11.364103	23.395108
18	4	11.255385	23.516281
18	5	11.115604	23.637454
18	6	10.944762	23.758627
18	7	10.742857	23.879800
18	8	10.509890	24.000973
18	9	10.245861	24.122146
18	10	9.950769	24.243320
18	11	9.624615	24.364493
18	12	9.267399	24.485666
18	13	8.879121	24.606839
18	14	8.459780	24.728012
18	15	8.009377	24.849185
18	16	7.527912	24.970358
18	17	7.015385	25.091532
18	18	6.471795	25.212705
20	-20	6.446512	25.328511
20	-19	6.939535	25.444316
20	-18	7.407275	25.560122
20	-17	7.849732	25.675928
20	-16	8.266905	25.791733
20	-15	8.658795	25.907539
20	-14	9.025403	26.023345
20	-13	9.366726	26.139151
20	-12	9.682767	26.254956
20	-11	9.973524	26.370762
20	-10	10.238998	26.486568
20	-9	10.479189	26.602373
20	-8	10.694097	26.718179
20	-7	10.883721	26.833985
20	-6	11.048062	26.949791
20	-5	11.187120	27.065596
20	-4	11.300894	27.181402
20	-3	11.389386	27.297208
20	-2	11.452594	27.413013
20	-1	11.490519	27.528819
20	0	11.503160	27.644625
20	1	11.490519	27.760431
20	2	11.452594	27.876236
20	3	11.389386	27.992042
20	4	11.300894	28.107848
20	5	11.187120	28.223653
20	6	11.048062	28.339459
20	7	10.883721	28.455265
20	8	10.694097	28.571071
20	9	10.479189	28.686876
20	10	10.238998	28.802682
20	11	9.973524	28.918488
20	12	9.682767	29.034293
20	13	9.366726	29.150099
20	14	9.025403	29.265905
20	15	8.658795	29.381711
20	16	8.266905	29.497516
20	17	7.849732	29.613322
20	18	7.407275	29.729128
20	19	6.939535	29.844933
20	20	6.446512	29.960739
22	-22	6.425532	30.070902
22	-21	6.876596	30.181065
22	-20	7.306680	30.291228
22	-19	7.715784	30.401391
22	-18	8.103909	30.511554
22	-17	8.471054	30.621717
22	-16	8.817219	30.731880
22	-15	9.142405	30.842043
22	-14	9.446611	30.952205
22	-13	9.729837	31.062368
22	-12	9.992083	31.172531
22	-11	10.233350	31.282694
22	-10	10.453637	31.392857
22	-9	10.652944	31.503020
22	-8	10.831272	31.613183
22	-7	10.988619	31.723346
22	-6	11.124988	31.833509
22	-5	11.240376	31.943672
22	-4	11.334785	32.053835
22	-3	11.408214	32.163998
22	-2	11.460663	32.274161
22	-1	11.492133	32.384324
22	0	11.502622	32.494487
22	1	11.492133	32.604650
22	2	11.460663	32.714812
22	3	11.408214	32.824975
22	4	11.334785	32.935138
22	5	11.240376	33.045301
22	6	11.124988	33.155464
22	7	10.988619	33.265627
22	8	10.831272	33.375790
22	9	10.652944	33.485953
22	10	10.453637	33.596116
22	11	10.233350	33.706279
22	12	9.992083	33.816442
22	13	9.729837	33.926605
22	14	9.446611	34.036768
22	15	9.142405	34.146931
22	16	8.817219	34.257094
22	17	8.471054	34.367256
22	18	8.103909	34.477419
22	19	7.715784	34.587582
22	20	7.306680	34.697745
22	21	6.876596	34.807908
22	22	6.425532	34.918071
24	-24	6.407843	35.022380
24	-23	6.823529	35.126690
24	-22	7.221527	35.230999
24	-21	7.601836	35.335308
24	-20	7.964456	35.439617
24	-19	8.309387	35.543927
24	-18	8.636629	35.648236
24	-17	8.946183	35.752545
24	-16	9.238048	35.856855
24	-15	9.512224	35.961164
24	-14	9.768711	36.065473
24	-13	10.007509	36.169782
24	-12	10.228619	36.274092
24	-11	10.432040	36.378401
24	-10	10.617772	36.482710
24	-9	10.785816	36.587019
24	-8	10.936170	36.691329
24	-7	11.068836	36.795638
24	-6	11.183813	36.899947
24	-5	11.281101	37.004257
24	-4	11.360701	37.108566
24	-3	11.422612	37.212875
24	-2	11.466834	37.317184
24	-1	11.493367	37.421494
24	0	11.502211	37.525803
24	1	11.493367	37.630112
24	2	11.466834	37.734421
24	3	11.422612	37.838731
24	4	11.360701	37.943040
24	5	11.281101	38.047349
24	6	11.183813	38.151659
24	7	11.068836	38.255968
24	8	10.936170	38.360277
24	9	10.785816	38.464586
24	10	10.617772	38.568896
24	11	10.432040	38.673205
24	12	10.228619	38.777514
24	13	10.007509	38.881823
24	14	9.768711	38.986133
24	15	9.512224	39.090442
24	16	9.238048	39.194751
24	17	8.946183	39.299061
24	18	8.636629	39.403370
24	19	8.309387	39.507679
24	20	7.964456	39.611988
24	21	7.601836	39.716298
24	22	7.221527	39.820607
24	23	6.823529	39.924916
24	24	6.407843	40.029225
26	-26	6.392727	40.127534
26	-25	6.778182	40.225843
26	-24	7.148520	40.324152
26	-23	7.503743	40.422460
26	-22	7.843850	40.520769
26	-21	8.168841	40.619078
26	-20	8.478717	40.717387
26	-19	8.773476	40.815696
26	-18	9.053119	40.914004
26	-17	9.317647	41.012313
26	-16	9.567059	41.110622
26	-15	9.801355	41.208931
26	-14	10.020535	41.307239
26	-13	10.224599	41.405548
26	-12	10.413547	41.503857
26	-11	10.587380	41.602166
26	-10	10.746096	41.700474
26	-9	10.889697	41.798783
26	-8	11.018182	41.897092
26	-7	11.131551	41.995401
26	-6	11.229804	42.093709
26	-5	11.312941	42.192018
26	-4	11.380963	42.290327
26	-3	11.433868	42.388636
26	-2	11.471658	42.486944
26	-1	11.494332	42.585253
26	0	11.501889	42.683562
26	1	11.494332	42.781871
26	2	11.471658	42.880180
26	3	11.433868	42.978488
26	4	11.380963	43.076797
26	5	11.312941	43.175106
26	6	11.229804	43.273415
26	7	11.131551	43.371723
26	8	11.018182	43.470032
26	9	10.889697	43.568341
26	10	10.746096	43.666650
26	11	10.587380	43.764958
26	12	10.413547	43.863267
26	13	10.224599	43.961576
26	14	10.020535	44.059885
26	15	9.801355	44.158193
26	16	9.567059	44.256502
26	17	9.317647	44.354811
26	18	9.053119	44.453120
26	19	8.773476	44.551429
26	20	8.478717	44.649737
26	21	8.168841	44.748046
26	22	7.843850	44.846355
26	23	7.503743	44.944664
26	24	7.148520	45.042972
26	25	6.778182	45.141281
26	26	6.392727	45.239590
28	-28	6.379661	45.331814
28	-27	6.738983	45.424038
28	-26	7.085239	45.516262
28	-25	7.418428	45.608485
28	-24	7.738552	45.700709
28	-23	8.045609	45.792933
28	-22	8.339599	45.885157
28	-21	8.620524	45.977381
28	-20	8.888382	46.069605
28	-19	9.143174	46.161829
28	-18	9.384900	46.254053
28	-17	9.613559	46.346277
28	-16	9.829153	46.438501
28	-15	10.031680	46.530724
28	-14	10.221140	46.622948
28	-13	10.397535	46.715172
28	-12	10.560863	46.807396
28	-11	10.711125	46.899620
28	-10	10.848320	46.991844
28	-9	10.972450	47.084068
28	-8	11.083513	47.176292
28	-7	11.181510	47.268516
28	-6	11.266441	47.360739
28	-5	11.338305	47.452963
28	-4	11.397103	47.545187
28	-3	11.442835	47.637411
28	-2	11.475501	47.729635
28	-1	11.495100	47.821859
28	0	11.501633	47.914083
28	1	11.495100	48.006307
28	2	11.475501	48.098531
28	3	11.442835	48.190755
28	4	11.397103	48.282978
28	5	11.338305	48.375202
28	6	11.266441	48.467426
28	7	11.181510	48.559650
28	8	11.083513	48.651874
28	9	10.972450	48.744098
28	10	10.848320	48.836322
28	11	10.711125	48.928546
28	12	10.560863	49.020770
28	13	10.397535	49.112993
28	14	10.221140	49.205217
28	15	10.031680	49.297441
28	16	9.829153	49.389665
28	17	9.613559	49.481889
28	18	9.384900	49.574113
28	19	9.143174	49.666337
28	20	8.888382	49.758561
28	21	8.620524	49.850785
28	22	8.339599	49.943009
28	23	8.045609	50.035232
28	24	7.738552	50.127456
28	25	7.418428	50.219680
28	26	7.085239	50.311904
28	27	6.738983	50.404128
28	28	6.379661	50.496352
30	-30	6.368254	50.582466
30	-29	6.704762	50.668581
30	-28	7.029863	50.754696
30	-27	7.343557	50.840810
30	-26	7.645843	50.926925
30	-25	7.936723	51.013039
30	-24	8.216196	51.099154
30	-23	8.484262	51.185268
30	-22	8.740920	51.271383
30	-21	8.986172	51.357498
30	-20	9.220016	51.443612
30	-19	9.442454	51.529727
30	-18	9.653484	51.615841
30	-17	9.853107	51.701956
30	-16	10.041324	51.788070
30	-15	10.218133	51.874185
30	-14	10.383535	51.960299
30	-13	10.537530	52.046414
30	-12	10.680118	52.132529
30	-11	10.811299	52.218643
30	-10	10.931073	52.304758
30	-9	11.039440	52.390872
30	-8	11.136400	52.476987
30	-7	11.221953	52.563101
30	-6	11.296099	52.649216
30	-5	11.358838	52.735330
30	-4	11.410169	52.821445
30	-3	11.450094	52.907560
30	-2	11.478612	52.993674
30	-1	11.495722	53.079789
30	0	11.501426	53.165903
30	1	11.495722	53.252018
30	2	11.478612	53.338132
30	3	11.450094	53.424247
30	4	11.410169	53.510362
30	5	11.358838	53.596476
30	6	11.296099	53.682591
30	7	11.221953	53.768705
30	8	11.136400	53.854820
30	9	11.039440	53.940934
30	10	10.931073	54.027049
30	11	10.811299	54.113163
30	12	10.680118	54.199278
30	13	10.537530	54.285393
30	14	10.383535	54.371507
30	15	10.218133	54.457622
30	16	10.041324	54.543736
30	17	9.853107	54.629851
30	18	9.653484	54.715965
30	19	9.442454	54.802080
30	20	9.220016	54.888195
30	21	8.986172	54.974309
30	22	8.740920	55.060424
30	23	8.484262	55.146538
30	24	8.216196	55.232653
30	25	7.936723	55.318767
30	26	7.645843	55.404882
30	27	7.343557	55.490996
30	28	7.029863	55.577111
30	29	6.704762	55.663226
30	30	6.368254	55.749340
32	-32	6.358209	55.829377
32	-31	6.674627	55.909414
32	-30	6.981000	55.989452
32	-29	7.277328	56.069489
32	-28	7.563611	56.149526
32	-27	7.839848	56.229563
32	-26	8.106041	56.309600
32	-25	8.362189	56.389637
32	-24	8.608292	56.469675
32	-23	8.844350	56.549712
32	-22	9.070362	56.629749
32	-21	9.286330	56.709786
32	-20	9.492253	56.789823
32	-19	9.688131	56.869860
32	-18	9.873964	56.949897
32	-17	10.049751	57.029935
32	-16	10.215494	57.109972
32	-15	10.371192	57.190009
32	-14	10.516844	57.270046
32	-13	10.652452	57.350083
32	-12	10.778015	57.430120
32	-11	10.893532	57.510158
32	-10	10.999005	57.590195
32	-9	11.094433	57.670232
32	-8	11.179815	57.750269
32	-7	11.255153	57.830306
32	-6	11.320445	57.910343
32	-5	11.375693	57.990381
32	-4	11.420896	58.070418
32	-3	11.456053	58.150455
32	-2	11.481166	58.230492
32	-1	11.496233	58.310529
32	0	11.501256	58.390566
32	1	11.496233	58.470603
32	2	11.481166	58.550641
32	3	11.456053	58.630678
32	4	11.420896	58.710715
32	5	11.375693	58.790752
32	6	11.320445	58.870789
32	7	11.255153	58.950826
32	8	11.179815	59.030864
32	9	11.094433	59.110901
32	10	10.999005	59.190938
32	11	10.893532	59.270975
32	12	10.778015	59.351012
32	13	10.652452	59.431049
32	14	10.516844	59.511086
32	15	10.371192	59.591124
32	16	10.215494	59.671161
32	17	10.049751	59.751198
32	18	9.873964	59.831235
32	19	9.688131	59.911272
32	20	9.492253	59.991309
32	21	9.286330	60.071347
32	22	9.070362	60.151384
32	23	8.844350	60.231421
32	24	8.608292	60.311458
32	25	8.362189	60.391495
32	26	8.106041	60.471532
32	27	7.839848	60.551569
32	28	7.563611	60.631607
32	29	7.277328	60.711644
32	30	6.981000	60.791681
32	31	6.674627	60.871718
32	32	6.358209	60.951755
34	-34	6.349296	61.025799
34	-33	6.647887	61.099843
34	-32	6.937566	61.173887
34	-31	7.218331	61.247930
34	-30	7.490183	61.321974
34	-29	7.753122	61.396018
34	-28	8.007147	61.470062
34	-27	8.252260	61.544105
34	-26	8.488459	61.618149
34	-25	8.715745	61.692193
34	-24	8.934118	61.766237
34	-23	9.143578	61.840281
34	-22	9.344124	61.914324
34	-21	9.535758	61.988368
34	-20	9.718478	62.062412
34	-19	9.892285	62.136456
34	-18	10.057179	62.210500
34	-17	10.213160	62.284543
34	-16	10.360227	62.358587
34	-15	10.498381	62.432631
34	-14	10.627622	62.506675
34	-13	10.747950	62.580718
34	-12	10.859365	62.654762
34	-11	10.961867	62.728806
34	-10	11.055455	62.802850
34	-9	11.140130	62.876894
34	-8	11.215892	62.950937
34	-7	11.282741	63.024981
34	-6	11.340677	63.099025
34	-5	11.389699	63.173069
34	-4	11.429809	63.247112
34	-3	11.461005	63.321156
34	-2	11.483288	63.395200
34	-1	11.496658	63.469244
34	0	11.501114	63.543288
34	1	11.496658	63.617331
34	2	11.483288	63.691375
34	3	11.461005	63.765419
34	4	11.429809	63.839463
34	5	11.389699	63.913507
34	6	11.340677	63.987550
34	7	11.282741	64.061594
34	8	11.215892	64.135638
34	9	11.140130	64.209682
34	10	11.055455	64.283725
34	11	10.961867	64.357769
34	12	10.859365	64.431813
34	13	10.747950	64.505857
34	14	10.627622	64.579901
34	15	10.498381	64.653944
34	16	10.360227	64.727988
34	17	10.213160	64.802032
34	18	10.057179	64.876076
34	19	9.892285	64.950119
34	20	9.718478	65.024163
34	21	9.535758	65.098207
34	22	9.344124	65.172251
34	23	9.143578	65.246295
34	24	8.934118	65.320338
34	25	8.715745	65.394382
34	26	8.488459	65.468426
34	27	8.252260	65.542470
34	28	8.007147	65.616513
34	29	7.753122	65.690557
34	30	7.490183	65.764601
34	31	7.218331	65.838645
34	32	6.937566	65.912689
34	33	6.647887	65.986732
34	34	6.349296	66.060776
36	-36	6.341333	66.128958
36	-35	6.624000	66.197139
36	-34	6.898704	66.265321
36	-33	7.165446	66.333503
36	-32	7.424225	66.401684
36	-31	7.675042	66.469866
36	-30	7.917897	66.538048
36	-29	8.152789	66.606229
36	-28	8.379718	66.674411
36	-27	8.598685	66.742593
36	-26	8.809690	66.810774
36	-25	9.012732	66.878956
36	-24	9.207812	66.947138
36	-23	9.394930	67.015319
36	-22	9.574085	67.083501
36	-21	9.745277	67.151682
36	-20	9.908507	67.219864
36	-19	10.063775	67.288046
36	-18	10.211080	67.356227
36	-17	10.350423	67.424409
36	-16	10.481803	67.492591
36	-15	10.605221	67.560772
36	-14	10.720676	67.628954
36	-13	10.828169	67.697136
36	-12	10.927700	67.765317
36	-11	11.019268	67.833499
36	-10	11.102873	67.901680
36	-9	11.178516	67.969862
36	-8	11.246197	68.038044
36	-7	11.305915	68.106225
36	-6	11.357671	68.174407
36	-5	11.401465	68.242589
36	-4	11.437296	68.310770
36	-3	11.465164	68.378952
36	-2	11.485070	68.447134
36	-1	11.497014	68.515315
36	0	11.500995	68.583497
36	1	11.497014	68.651679
36	2	11.485070	68.719860
36	3	11.465164	68.788042
36	4	11.437296	68.856223
36	5	11.401465	68.924405
36	6	11.357671	68.992587
36	7	11.305915	69.060768
36	8	11.246197	69.128950
36	9	11.178516	69.197132
36	10	11.102873	69.265313
36	11	11.019268	69.333495
36	12	10.927700	69.401677
36	13	10.828169	69.469858
36	14	10.720676	69.538040
36	15	10.605221	69.606222
36	16	10.481803	69.674403
36	17	10.350423	69.742585
36	18	10.211080	69.810766
36	19	10.063775	69.878948
36	20	9.908507	69.947130
36	21	9.745277	70.015311
36	22	9.574085	70.083493
36	23	9.394930	70.151675
36	24	9.207812	70.219856
36	25	9.012732	70.288038
36	26	8.809690	70.356220
36	27	8.598685	70.424401
36	28	8.379718	70.492583
36	29	8.152789	70.560765
36	30	7.917897	70.628946
36	31	7.675042	70.697128
36	32	7.424225	70.765309
36	33	7.165446	70.833491
36	34	6.898704	70.901673
36	35	6.624000	70.969854
36	36	6.341333	71.038036
38	-38	6.334177	71.100529
38	-37	6.602532	71.163021
38	-36	6.863730	71.225514
38	-35	7.117772	71.288006
38	-34	7.364658	71.350499
38	-33	7.604388	71.412991
38	-32	7.836962	71.475484
38	-31	8.062380	71.537976
38	-30	8.280641	71.600469
38	-29	8.491747	71.662961
38	-28	8.695696	71.725454
38	-27	8.892489	71.787947
38	-26	9.082127	71.850439
38	-25	9.264608	71.912932
38	-24	9.439932	71.975424
38	-23	9.608101	72.037917
38	-22	9.769114	72.100409
38	-21	9.922970	72.162902
38	-20	10.069671	72.225394
38	-19	10.209215	72.287887
38	-18	10.341603	72.350379
38	-17	10.466835	72.412872
38	-16	10.584911	72.475365
38	-15	10.695831	72.537857
38	-14	10.799595	72.600350
38	-13	10.896203	72.662842
38	-12	10.985654	72.725335
38	-11	11.067949	72.787827
38	-10	11.143089	72.850320
38	-9	11.211072	72.912812
38	-8	11.271899	72.975305
38	-7	11.325570	73.037797
38	-6	11.372084	73.100290
38	-5	11.411443	73.162783
38	-4	11.443646	73.225275
38	-3	11.468692	73.287768
38	-2	11.486582	73.350260
38	-1	11.497316	73.412753
38	0	11.500895	73.475245
38	1	11.497316	73.537738
38	2	11.486582	73.600230
38	3	11.468692	73.662723
38	4	11.443646	73.725215
38	5	11.411443	73.787708
38	6	11.372084	73.850201
38	7	11.325570	73.912693
38	8	11.271899	73.975186
38	9	11.211072	74.037678
38	10	11.143089	74.100171
38	11	11.067949	74.162663
38	12	10.985654	74.225156
38	13	10.896203	74.287648
38	14	10.799595	74.350141
38	15	10.695831	74.412633
38	16	10.584911	74.475126
38	17	10.466835	74.537619
38	18	10.341603	74.600111
38	19	10.209215	74.662604
38	20	10.069671	74.725096
38	21	9.922970	74.787589
38	22	9.769114	74.850081
38	23	9.608101	74.912574
38	24	9.439932	74.975066
38	25	9.264608	75.037559
38	26	9.082127	75.100051
38	27	8.892489	75.162544
38	28	8.695696	75.225037
38	29	8.491747	75.287529
38	30	8.280641	75.350022
38	31	8.062380	75.412514
38	32	7.836962	75.475007
38	33	7.604388	75.537499
38	34	7.364658	75.599992
38	35	7.117772	75.662484
38	36	6.863730	75.724977
38	37	6.602532	75.787470
38	38	6.334177	75.849962
40	-40	6.327711	75.906975
40	-39	6.583133	75.963987
40	-38	6.832088	76.021000
40	-37	7.074577	76.078012
40	-36	7.310599	76.135025
40	-35	7.540156	76.192038
40	-34	7.763245	76.249050
40	-33	7.979869	76.306063
40	-32	8.190026	76.363076
40	-31	8.393717	76.420088
40	-30	8.590941	76.477101
40	-29	8.781699	76.534113
40	-28	8.965991	76.591126
40	-27	9.143816	76.648139
40	-26	9.315175	76.705151
40	-25	9.480067	76.762164
40	-24	9.638493	76.819176
40	-23	9.790453	76.876189
40	-22	9.935946	76.933202
40	-21	10.074973	76.990214
40	-20	10.207534	77.047227
40	-19	10.333628	77.104239
40	-18	10.453256	77.161252
40	-17	10.566418	77.218265
40	-16	10.673113	77.275277
40	-15	10.773341	77.332290
40	-14	10.867104	77.389302
40	-13	10.954400	77.446315
40	-12	11.035230	77.503328
40	-11	11.109593	77.560340
40	-10	11.177490	77.617353
40	-9	11.238920	77.674365
40	-8	11.293884	77.731378
40	-7	11.342382	77.788391
40	-6	11.384414	77.845403
40	-5	11.419979	77.902416
40	-4	11.449077	77.959428
40	-3	11.471710	78.016441
40	-2	11.487876	78.073454
40	-1	11.497575	78.130466
40	0	11.500808	78.187479
40	1	11.497575	78.244492
40	2	11.487876	78.301504
40	3	11.471710	78.358517
40	4	11.449077	78.415529
40	5	11.419979	78.472542
40	6	11.384414	78.529555
40	7	11.342382	78.586567
40	8	11.293884	78.643580
40	9	11.238920	78.700592
40	10	11.177490	78.757605
40	11	11.109593	78.814618
40	12	11.035230	78.871630
40	13	10.954400	78.928643
40	14	10.867104	78.985655
40	15	10.773341	79.042668
40	16	10.673113	79.099681
40	17	10.566418	79.156693
40	18	10.453256	79.213706
40	19	10.333628	79.270718
40	20	10.207534	79.327731
40	21	10.074973	79.384744
40	22	9.935946	79.441756
40	23	9.790453	79.498769
40	24	9.638493	79.555781
40	25	9.480067	79.612794
40	26	9.315175	79.669807
40	27	9.143816	79.726819
40	28	8.965991	79.783832
40	29	8.781699	79.840844
40	30	8.590941	79.897857
40	31	8.393717	79.954870
40	32	8.190026	80.011882
40	33	7.979869	80.068895
40	34	7.763245	80.125908
40	35	7.540156	80.182920
40	36	7.310599	80.239933
40	37	7.074577	80.296945
40	38	6.832088	80.353958
40	39	6.583133	80.410971
40	40	6.327711	80.467983
42	-42	6.321839	80.519755
42	-41	6.565517	80.571527
42	-40	6.803324	80.623299
42	-39	7.035258	80.675071
42	-38	7.261321	80.726843
42	-37	7.481512	80.778616
42	-36	7.695832	80.830388
42	-35	7.904279	80.882160
42	-34	8.106855	80.933932
42	-33	8.303559	80.985704
42	-32	8.494391	81.037476
42	-31	8.679352	81.089248
42	-30	8.858441	81.141020
42	-29	9.031658	81.192792
42	-28	9.199003	81.244564
42	-27	9.360476	81.296336
42	-26	9.516078	81.348108
42	-25	9.665808	81.399880
42	-24	9.809666	81.451652
42	-23	9.947653	81.503424
42	-22	10.079767	81.555196
42	-21	10.206010	81.606969
42	-20	10.326381	81.658741
42	-19	10.440881	81.710513
42	-18	10.549508	81.762285
42	-17	10.652264	81.814057
42	-16	10.749148	81.865829
42	-15	10.840161	81.917601
42	-14	10.925301	81.969373
42	-13	11.004570	82.021145
42	-12	11.077967	82.072917
42	-11	11.145492	82.124689
42	-10	11.207146	82.176461
42	-9	11.262928	82.228233
42	-8	11.312838	82.280005
42	-7	11.356876	82.331777
42	-6	11.395042	82.383549
42	-5	11.427337	82.435322
42	-4	11.453760	82.487094
42	-3	11.474311	82.538866
42	-2	11.488990	82.590638
42	-1	11.497798	82.642410
42	0	11.500734	82.694182
42	1	11.497798	82.745954
42	2	11.488990	82.797726
42	3	11.474311	82.849498
42	4	11.453760	82.901270
42	5	11.427337	82.953042
42	6	11.395042	83.004814
42	7	11.356876	83.056586
42	8	11.312838	83.108358
42	9	11.262928	83.160130
42	10	11.207146	83.211903
42	11	11.145492	83.263675
42	12	11.077967	83.315447
42	13	11.004570	83.367219
42	14	10.925301	83.418991
42	15	10.840161	83.470763
42	16	10.749148	83.522535
42	17	10.652264	83.574307
42	18	10.549508	83.626079
42	19	10.440881	83.677851
42	20	10.326381	83.729623
42	21	10.206010	83.781395
42	22	10.079767	83.833167
42	23	9.947653	83.884939
42	24	9.809666	83.936711
42	25	9.665808	83.988483
42	26	9.516078	84.040256
42	27	9.360476	84.092028
42	28	9.199003	84.143800
42	29	9.031658	84.195572
42	30	8.858441	84.247344
42	31	8.679352	84.299116
42	32	8.494391	84.350888
42	33	8.303559	84.402660
42	34	8.106855	84.454432
42	35	7.904279	84.506204
42	36	7.695832	84.557976
42	37	7.481512	84.609748
42	38	7.261321	84.661520
42	39	7.035258	84.713292
42	40	6.803324	84.765064
42	41	6.565517	84.816836
42	42	6.321839	84.868609
44	-44	6.316484	84.915404
44	-43	6.549451	84.962199
44	-42	6.777062	85.008994
44	-41	6.999318	85.055790
44	-40	7.216218	85.102585
44	-39	7.427763	85.149380
44	-38	7.633952	85.196175
44	-37	7.834786	85.242971
44	-36	8.030264	85.289766
44	-35	8.220387	85.336561
44	-34	8.405153	85.383357
44	-33	8.584565	85.430152
44	-32	8.758621	85.476947
44	-31	8.927321	85.523742
44	-30	9.090666	85.570538
44	-29	9.248655	85.617333
44	-28	9.401288	85.664128
44	-27	9.548566	85.710923
44	-26	9.690489	85.757719
44	-25	9.827056	85.804514
44	-24	9.958267	85.851309
44	-23	10.084123	85.898105
44	-22	10.204623	85.944900
44	-21	10.319768	85.991695
44	-20	10.429557	86.038490
44	-19	10.533990	86.085286
44	-18	10.633068	86.132081
44	-17	10.726790	86.178876
44	-16	10.815157	86.225671
44	-15	10.898168	86.272467
44	-14	10.975824	86.319262
44	-13	11.048124	86.366057
44	-12	11.115069	86.412852
44	-11	11.176658	86.459648
44	-10	11.232891	86.506443
44	-9	11.283769	86.553238
44	-8	11.329291	86.600034
44	-7	11.369458	86.646829
44	-6	11.404269	86.693624
44	-5	11.433725	86.740419
44	-4	11.457825	86.787215
44	-3	11.476569	86.834010
44	-2	11.489958	86.880805
44	-1	11.497992	86.927600
44	0	11.500669	86.974396
44	1	11.497992	87.021191
44	2	11.489958	87.067986
44	3	11.476569	87.114782
44	4	11.457825	87.161577
44	5	11.433725	87.208372
44	6	11.404269	87.255167
44	7	11.369458	87.301963
44	8	11.329291	87.348758
44	9	11.283769	87.395553
44	10	11.232891	87.442348
44	11	11.176658	87.489144
44	12	11.115069	87.535939
44	13	11.048124	87.582734
44	14	10.975824	87.629530
44	15	10.898168	87.676325
44	16	10.815157	87.723120
44	17	10.726790	87.769915
44	18	10.633068	87.816711
44	19	10.533990	87.863506
44	20	10.429557	87.910301
44	21	10.319768	87.957096
44	22	10.204623	88.003892
44	23	10.084123	88.050687
44	24	9.958267	88.097482
44	25	9.827056	88.144278
44	26	9.690489	88.191073
44	27	9.548566	88.237868
44	28	9.401288	88.284663
44	29	9.248655	88.331459
44	30	9.090666	88.378254
44	31	8.927321	88.425049
44	32	8.758621	88.471844
44	33	8.584565	88.518640
44	34	8.405153	88.565435
44	35	8.220387	88.612230
44	36	8.030264	88.659025
44	37	7.834786	88.705821
44	38	7.633952	88.752616
44	39	7.427763	88.799411
44	40	7.216218	88.846207
44	41	6.999318	88.893002
44	42	6.777062	88.939797
44	43	6.549451	88.986592
44	44	6.316484	89.033388
46	-46	6.311579	89.075488
46	-45	6.534737	89.117589
46	-44	6.752990	89.159690
46	-43	6.966339	89.201791
46	-42	7.174783	89.243892
46	-41	7.378323	89.285992
46	-40	7.576958	89.328093
46	-39	7.770688	89.370194
46	-38	7.959514	89.412295
46	-37	8.143436	89.454396
46	-36	8.322452	89.496496
46	-35	8.496564	89.538597
46	-34	8.665772	89.580698
46	-33	8.830075	89.622799
46	-32	8.989474	89.664900
46	-31	9.143968	89.707000
46	-30	9.293557	89.749101
46	-29	9.438242	89.791202
46	-28	9.578022	89.833303
46	-27	9.712898	89.875404
46	-26	9.842869	89.917504
46	-25	9.967935	89.959605
46	-24	10.088097	90.001706
46	-23	10.203355	90.043807
46	-22	10.313707	90.085908
46	-21	10.419156	90.128008
46	-20	10.519699	90.170109
46	-19	10.615338	90.212210
46	-18	10.706073	90.254311
46	-17	10.791903	90.296412
46	-16	10.872828	90.338512
46	-15	10.948849	90.380613
46	-14	11.019965	90.422714
46	-13	11.086177	90.464815
46	-12	11.147484	90.506916
46	-11	11.203887	90.549016
46	-10	11.255385	90.591117
46	-9	11.301978	90.633218
46	-8	11.343667	90.675319
46	-7	11.380451	90.717420
46	-6	11.412331	90.759521
46	-5	11.439306	90.801621
46	-4	11.461377	90.843722
46	-3	11.478543	90.885823
46	-2	11.490804	90.927924
46	-1	11.498161	90.970025
46	0	11.500613	91.012125
46	1	11.498161	91.054226
46	2	11.490804	91.096327
46	3	11.478543	91.138428
46	4	11.461377	91.180529
46	5	11.439306	91.222629
46	6	11.412331	91.264730
46	7	11.380451	91.306831
46	8	11.343667	91.348932
46	9	11.301978	91.391033
46	10	11.255385	91.433133
46	11	11.203887	91.475234
46	12	11.147484	91.517335
46	13	11.086177	91.559436
46	14	11.019965	91.601537
46	15	10.948849	91.643637
46	16	10.872828	91.685738
46	17	10.791903	91.727839
46	18	10.706073	91.769940
46	19	10.615338	91.812041
46	20	10.519699	91.854141
46	21	10.419156	91.896242
46	22	10.313707	91.938343
46	23	10.203355	91.980444
46	24	10.088097	92.022545
46	25	9.967935	92.064645
46	26	9.842869	92.106746
46	27	9.712898	92.148847
46	28	9.578022	92.190948
46	29	9.438242	92.233049
46	30	9.293557	92.275149
46	31	9.143968	92.317250
46	32	8.989474	92.359351
46	33	8.830075	92.401452
46	34	8.665772	92.443553
46	35	8.496564	92.485653
46	36	8.322452	92.527754
46	37	8.143436	92.569855
46	38	7.959514	92.611956
46	39	7.770688	92.654057
46	40	7.576958	92.696157
46	41	7.378323	92.738258
46	42	7.174783	92.780359
46	43	6.966339	92.822460
46	44	6.752990	92.864561
46	45	6.534737	92.906661
46	46	6.311579	92.948762
48	-48	6.307071	92.986464
48	-47	6.521212	93.024166
48	-46	6.730845	93.061867
48	-45	6.935970	93.099569
48	-44	7.136587	93.137271
48	-43	7.332695	93.174972
48	-42	7.524296	93.212674
48	-41	7.711388	93.250376
48	-40	7.893971	93.288077
48	-39	8.072047	93.325779
48	-38	8.245614	93.363481
48	-37	8.414673	93.401182
48	-36	8.579224	93.438884
48	-35	8.739266	93.476586
48	-34	8.894801	93.514287
48	-33	9.045827	93.551989
48	-32	9.192344	93.589691
48	-31	9.334354	93.627392
48	-30	9.471855	93.665094
48	-29	9.604848	93.702796
48	-28	9.733333	93.740497
48	-27	9.857310	93.778199
48	-26	9.976778	93.815901
48	-25	10.091738	93.853602
48	-24	10.202190	93.891304
48	-23	10.308134	93.929006
48	-22	10.409569	93.966707
48	-21	10.506497	94.004409
48	-20	10.598915	94.042111
48	-19	10.686826	94.079812
48	-18	10.770229	94.117514
48	-17	10.849123	94.155216
48	-16	10.923509	94.192918
48	-15	10.993386	94.230619
48	-14	11.058756	94.268321
48	-13	11.119617	94.306023
48	-12	11.175970	94.343724
48	-11	11.227815	94.381426
48	-10	11.275152	94.419128
48	-9	11.317980	94.456829
48	-8	11.356300	94.494531
48	-7	11.390112	94.532233
48	-6	11.419415	94.569934
48	-5	11.444211	94.607636
48	-4	11.464498	94.645338
48	-3	11.480276	94.683039
48	-2	11.491547	94.720741
48	-1	11.498309	94.758443
48	0	11.500564	94.796144
48	1	11.498309	94.833846
48	2	11.491547	94.871548
48	3	11.480276	94.909249
48	4	11.464498	94.946951
48	5	11.444211	94.984653
48	6	11.419415	95.022354
48	7	11.390112	95.060056
48	8	11.356300	95.097758
48	9	11.317980	95.135459
48	10	11.275152	95.173161
48	11	11.227815	95.210863
48	12	11.175970	95.248564
48	13	11.119617	95.286266
48	14	11.058756	95.323968
48	15	10.993386	95.361669
48	16	10.923509	95.399371
48	17	10.849123	95.437073
48	18	10.770229	95.474775
48	19	10.686826	95.512476
48	20	10.598915	95.550178
48	21	10.506497	95.587880
48	22	10.409569	95.625581
48	23	10.308134	95.663283
48	24	10.202190	95.700985
48	25	10.091738	95.738686
48	26	9.976778	95.776388
48	27	9.857310	95.814090
48	28	9.733333	95.851791
48	29	9.604848	95.889493
48	30	9.471855	95.927195
48	31	9.334354	95.964896
48	32	9.192344	96.002598
48	33	9.045827	96.040300
48	34	8.894801	96.078001
48	35	8.739266	96.115703
48	36	8.579224	96.153405
48	37	8.414673	96.191106
48	38	8.245614	96.228808
48	39	8.072047	96.266510
48	40	7.893971	96.304211
48	41	7.711388	96.341913
48	42	7.524296	96.379615
48	43	7.332695	96.417316
48	44	7.136587	96.455018
48	45	6.935970	96.492720
48	46	6.730845	96.530421
48	47	6.521212	96.568123
48	48	6.307071	96.605825
50	-50	6.302913	96.639431
50	-49	6.508738	96.673036
50	-48	6.710405	96.706642
50	-47	6.907914	96.740248
50	-46	7.101265	96.773853
50	-45	7.290458	96.807459
50	-44	7.475493	96.841065
50	-43	7.656370	96.874670
50	-42	7.833088	96.908276
50	-41	8.005649	96.941882
50	-40	8.174051	96.975487
50	-39	8.338296	97.009093
50	-38	8.498382	97.042699
50	-37	8.654310	97.076305
50	-36	8.806080	97.109910
50	-35	8.953692	97.143516
50	-34	9.097146	97.177122
50	-33	9.236442	97.210727
50	-32	9.371580	97.244333
50	-31	9.502560	97.277939
50	-30	9.629381	97.311544
50	-29	9.752045	97.345150
50	-28	9.870550	97.378756
50	-27	9.984898	97.412362
50	-26	10.095087	97.445967
50	-25	10.201118	97.479573
50	-24	10.302991	97.513179
50	-23	10.400706	97.546784
50	-22	10.494263	97.580390
50	-21	10.583662	97.613996
50	-20	10.668903	97.647601
50	-19	10.749985	97.681207
50	-18	10.826910	97.714813
50	-17	10.899676	97.748418
50	-16	10.968285	97.782024
50	-15	11.032735	97.815630
50	-14	11.093027	97.849236
50	-13	11.149162	97.882841
50	-12	11.201138	97.916447
50	-11	11.248956	97.950053
50	-10	11.292615	97.983658
50	-9	11.332117	98.017264
50	-8	11.367461	98.050870
50	-7	11.398647	98.084475
50	-6	11.425674	98.118081
50	-5	11.448544	98.151687
50	-4	11.467255	98.185292
50	-3	11.481808	98.218898
50	-2	11.492204	98.252504
50	-1	11.498441	98.286110
50	0	11.500520	98.319715
50	1	11.498441	98.353321
50	2	11.492204	98.386927
50	3	11.481808	98.420532
50	4	11.467255	98.454138
50	5	11.448544	98.487744
50	6	11.425674	98.521349
50	7	11.398647	98.554955
50	8	11.367461	98.588561
50	9	11.332117	98.622167
50	10	11.292615	98.655772
50	11	11.248956	98.689378
50	12	11.201138	98.722984
50	13	11.149162	98.756589
50	14	11.093027	98.790195
50	15	11.032735	98.823801
50	16	10.968285	98.857406
50	17	10.899676	98.891012
50	18	10.826910	98.924618
50	19	10.749985	98.958223
50	20	10.668903	98.991829
50	21	10.583662	99.025435
50	22	10.494263	99.059041
50	23	10.400706	99.092646
50	24	10.302991	99.126252
50	25	10.201118	99.159858
50	26	10.095087	99.193463
50	27	9.984898	99.227069
50	28	9.870550	99.260675
50	29	9.752045	99.294280
50	30	9.629381	99.327886
50	31	9.502560	99.361492
50	32	9.371580	99.395097
50	33	9.236442	99.428703
50	34	9.097146	99.462309
50	35	8.953692	99.495915
50	36	8.806080	99.529520
50	37	8.654310	99.563126
50	38	8.498382	99.596732
50	39	8.338296	99.630337
50	40	8.174051	99.663943
50	41	8.005649	99.697549
50	42	7.833088	99.731154
50	43	7.656370	99.764760
50	44	7.475493	99.798366
50	45	7.290458	99.831972
50	46	7.101265	99.865577
50	47	6.907914	99.899183
50	48	6.710405	99.932789
50	49	6.508738	99.966394
50	50	6.302913	100.000000
