0	0	9.733333	0.201907
2	-2	7.714286	0.402699
2	-1	10.742857	0.603491
2	0	11.752381	0.804284
2	1	10.742857	1.005076
2	2	7.714286	1.205868
4	-4	7.163636	1.404084
4	-3	9.090909	1.602300
4	-2	10.467532	1.800515
4	-1	11.293506	1.998731
4	0	11.568831	2.196947
4	1	11.293506	2.395162
4	2	10.467532	2.593378
4	3	9.090909	2.791594
4	4	7.163636	2.989809
6	-6	6.906667	3.184042
6	-5	8.320000	3.378276
6	-4	9.476364	3.572509
6	-3	10.375758	3.766742
6	-2	11.018182	3.960976
6	-1	11.403636	4.155209
6	0	11.532121	4.349442
6	1	11.403636	4.543675
6	2	11.018182	4.737909
6	3	10.375758	4.932142
6	4	9.476364	5.126375
6	5	8.320000	5.320608
6	6	6.906667	5.514842
8	-8	6.757895	5.703773
8	-7	7.873684	5.892705
8	-6	8.840702	6.081636
8	-5	9.658947	6.270567
8	-4	10.328421	6.459499
8	-3	10.849123	6.648430
8	-2	11.221053	6.837361
8	-1	11.444211	7.026293
8	0	11.518596	7.215224
8	1	11.444211	7.404156
8	2	11.221053	7.593087
8	3	10.849123	7.782018
8	4	10.328421	7.970950
8	5	9.658947	8.159881
8	6	8.840702	8.348813
8	7	7.873684	8.537744
8	8	6.757895	8.726675
10	-10	6.660870	8.909098
10	-9	7.582609	9.091521
10	-8	8.407323	9.273944
10	-7	9.135011	9.456367
10	-6	9.765675	9.638790
10	-5	10.299314	9.821213
10	-4	10.735927	10.003636
10	-3	11.075515	10.186059
10	-2	11.318078	10.368482
10	-1	11.463616	10.550904
10	0	11.512128	10.733327
10	1	11.463616	10.915750
10	2	11.318078	11.098173
10	3	11.075515	11.280596
10	4	10.735927	11.463019
10	5	10.299314	11.645442
10	6	9.765675	11.827865
10	7	9.135011	12.010288
10	8	8.407323	12.192711
10	9	7.582609	12.375134
10	10	6.660870	12.557557
12	-12	6.592593	12.732400
12	-11	7.377778	12.907243
12	-10	8.094686	13.082087
12	-9	8.743317	13.256930
12	-8	9.323671	13.431774
12	-7	9.835749	13.606617
12	-6	10.279549	13.781461
12	-5	10.655072	13.956304
12	-4	10.962319	14.131148
12	-3	11.201288	14.305991
12	-2	11.371981	14.480835
12	-1	11.474396	14.655678
12	0	11.508535	14.830522
12	1	11.474396	15.005365
12	2	11.371981	15.180209
12	3	11.201288	15.355052
12	4	10.962319	15.529896
12	5	10.655072	15.704739
12	6	10.279549	15.879583
12	7	9.835749	16.054426
12	8	9.323671	16.229270
12	9	8.743317	16.404113
12	10	8.094686	16.578957
12	11	7.377778	16.753800
12	12	6.592593	16.928644
14	-14	6.541935	17.094990
14	-13	7.225806	17.261337
14	-12	7.859020	17.427684
14	-11	8.441577	17.594031
14	-10	8.973477	17.760377
14	-9	9.454719	17.926724
14	-8	9.885305	18.093071
14	-7	10.265233	18.259418
14	-6	10.594504	18.425764
14	-5	10.873118	18.592111
14	-4	11.101075	18.758458
14	-3	11.278375	18.924805
14	-2	11.405018	19.091151
14	-1	11.481004	19.257498
14	0	11.506332	19.423845
14	1	11.481004	19.590192
14	2	11.405018	19.756538
14	3	11.278375	19.922885
14	4	11.101075	20.089232
14	5	10.873118	20.255579
14	6	10.594504	20.421925
14	7	10.265233	20.588272
14	8	9.885305	20.754619
14	9	9.454719	20.920966
14	10	8.973477	21.087312
14	11	8.441577	21.253659
14	12	7.859020	21.420006
14	13	7.225806	21.586353
14	14	6.541935	21.752699
16	-16	6.502857	21.909799
16	-15	7.108571	22.066898
16	-14	7.675207	22.223997
16	-13	8.202765	22.381096
16	-12	8.691244	22.538195
16	-11	9.140645	22.695295
16	-10	9.550968	22.852394
16	-9	9.922212	23.009493
16	-8	10.254378	23.166592
16	-7	10.547465	23.323691
16	-6	10.801475	23.480790
16	-5	11.016406	23.637890
16	-4	11.192258	23.794989
16	-3	11.329032	23.952088
16	-2	11.426728	24.109187
16	-1	11.485346	24.266286
16	0	11.504885	24.423386
16	1	11.485346	24.580485
16	2	11.426728	24.737584
16	3	11.329032	24.894683
16	4	11.192258	25.051782
16	5	11.016406	25.208882
16	6	10.801475	25.365981
16	7	10.547465	25.523080
16	8	10.254378	25.680179
16	9	9.922212	25.837278
16	10	9.550968	25.994378
16	11	9.140645	26.151477
16	12	8.691244	26.308576
16	13	8.202765	26.465675
16	14	7.675207	26.622774
16	15	7.108571	26.779874
16	16	6.502857	26.936973
18	-18	6.471795	27.084248
18	-17	7.015385	27.231522
18	-16	7.527912	27.378797
18	-15	8.009377	27.526072
18	-14	8.459780	27.673347
18	-13	8.879121	27.820622
18	-12	9.267399	27.967896
18	-11	9.624615	28.115171
18	-10	9.950769	28.262446
18	-9	10.245861	28.409721
18	-8	10.509890	28.556996
18	-7	10.742857	28.704270
18	-6	10.944762	28.851545
18	-5	11.115604	28.998820
18	-4	11.255385	29.146095
18	-3	11.364103	29.293370
18	-2	11.441758	29.440644
18	-1	11.488352	29.587919
18	0	11.503883	29.735194
18	1	11.488352	29.882469
18	2	11.441758	30.029744
18	3	11.364103	30.177018
18	4	11.255385	30.324293
18	5	11.115604	30.471568
18	6	10.944762	30.618843
18	7	10.742857	30.766118
18	8	10.509890	30.913392
18	9	10.245861	31.060667
18	10	9.950769	31.207942
18	11	9.624615	31.355217
18	12	9.267399	31.502491
18	13	8.879121	31.649766
18	14	8.459780	31.797041
18	15	8.009377	31.944316
18	16	7.527912	32.091591
18	17	7.015385	32.238865
18	18	6.471795	32.386140
20	-20	6.446512	32.523190
20	-19	6.939535	32.660239
20	-18	7.407275	32.797289
20	-17	7.849732	32.934338
20	-16	8.266905	33.071388
20	-15	8.658795	33.208438
20	-14	9.025403	33.345487
20	-13	9.366726	33.482537
20	-12	9.682767	33.619586
20	-11	9.973524	33.756636
20	-10	10.238998	33.893685
20	-9	10.479189	34.030735
20	-8	10.694097	34.167785
20	-7	10.883721	34.304834
20	-6	11.048062	34.441884
20	-5	11.187120	34.578933
20	-4	11.300894	34.715983
20	-3	11.389386	34.853032
20	-2	11.452594	34.990082
20	-1	11.490519	35.127132
20	0	11.503160	35.264181
20	1	11.490519	35.401231
20	2	11.452594	35.538280
20	3	11.389386	35.675330
20	4	11.300894	35.812379
20	5	11.187120	35.949429
20	6	11.048062	36.086479
20	7	10.883721	36.223528
20	8	10.694097	36.360578
20	9	10.479189	36.497627
20	10	10.238998	36.634677
20	11	9.973524	36.771726
20	12	9.682767	36.908776
20	13	9.366726	37.045825
20	14	9.025403	37.182875
20	15	8.658795	37.319925
20	16	8.266905	37.456974
20	17	7.849732	37.594024
20	18	7.407275	37.731073
20	19	6.939535	37.868123
20	20	6.446512	38.005172
22	-22	6.425532	38.131769
22	-21	6.876596	38.258365
22	-20	7.306680	38.384962
22	-19	7.715784	38.511558
22	-18	8.103909	38.638155
22	-17	8.471054	38.764751
22	-16	8.817219	38.891348
22	-15	9.142405	39.017944
22	-14	9.446611	39.144541
22	-13	9.729837	39.271137
22	-12	9.992083	39.397734
22	-11	10.233350	39.524330
22	-10	10.453637	39.650927
22	-9	10.652944	39.777523
22	-8	10.831272	39.904120
22	-7	10.988619	40.030716
22	-6	11.124988	40.157313
22	-5	11.240376	40.283910
22	-4	11.334785	40.410506
22	-3	11.408214	40.537103
22	-2	11.460663	40.663699
22	-1	11.492133	40.790296
22	0	11.502622	40.916892
22	1	11.492133	41.043489
22	2	11.460663	41.170085
22	3	11.408214	41.296682
22	4	11.334785	41.423278
22	5	11.240376	41.549875
22	6	11.124988	41.676471
22	7	10.988619	41.803068
22	8	10.831272	41.929664
22	9	10.652944	42.056261
22	10	10.453637	42.182857
22	11	10.233350	42.309454
22	12	9.992083	42.436050
22	13	9.729837	42.562647
22	14	9.446611	42.689243
22	15	9.142405	42.815840
22	16	8.817219	42.942436
22	17	8.471054	43.069033
22	18	8.103909	43.195629
22	19	7.715784	43.322226
22	20	7.306680	43.448822
22	21	6.876596	43.575419
22	22	6.425532	43.702015
24	-24	6.407843	43.818096
24	-23	6.823529	43.934177
24	-22	7.221527	44.050258
24	-21	7.601836	44.166338
24	-20	7.964456	44.282419
24	-19	8.309387	44.398500
24	-18	8.636629	44.514581
24	-17	8.946183	44.630662
24	-16	9.238048	44.746743
24	-15	9.512224	44.862823
24	-14	9.768711	44.978904
24	-13	10.007509	45.094985
24	-12	10.228619	45.211066
24	-11	10.432040	45.327147
24	-10	10.617772	45.443228
24	-9	10.785816	45.559308
24	-8	10.936170	45.675389
24	-7	11.068836	45.791470
24	-6	11.183813	45.907551
24	-5	11.281101	46.023632
24	-4	11.360701	46.139713
24	-3	11.422612	46.255794
24	-2	11.466834	46.371874
24	-1	11.493367	46.487955
24	0	11.502211	46.604036
24	1	11.493367	46.720117
24	2	11.466834	46.836198
24	3	11.422612	46.952279
24	4	11.360701	47.068359
24	5	11.281101	47.184440
24	6	11.183813	47.300521
24	7	11.068836	47.416602
24	8	10.936170	47.532683
24	9	10.785816	47.648764
24	10	10.617772	47.764844
24	11	10.432040	47.880925
24	12	10.228619	47.997006
24	13	10.007509	48.113087
24	14	9.768711	48.229168
24	15	9.512224	48.345249
24	16	9.238048	48.461329
24	17	8.946183	48.577410
24	18	8.636629	48.693491
24	19	8.309387	48.809572
24	20	7.964456	48.925653
24	21	7.601836	49.041734
24	22	7.221527	49.157815
24	23	6.823529	49.273895
24	24	6.407843	49.389976
26	-26	6.392727	49.495632
26	-25	6.778182	49.601288
26	-24	7.148520	49.706944
26	-23	7.503743	49.812600
26	-22	7.843850	49.918256
26	-21	8.168841	50.023912
26	-20	8.478717	50.129568
26	-19	8.773476	50.235224
26	-18	9.053119	50.340880
26	-17	9.317647	50.446536
26	-16	9.567059	50.552192
26	-15	9.801355	50.657848
26	-14	10.020535	50.763504
26	-13	10.224599	50.869160
26	-12	10.413547	50.974816
26	-11	10.587380	51.080472
26	-10	10.746096	51.186128
26	-9	10.889697	51.291784
26	-8	11.018182	51.397440
26	-7	11.131551	51.503096
26	-6	11.229804	51.608752
26	-5	11.312941	51.714408
26	-4	11.380963	51.820064
26	-3	11.433868	51.925720
26	-2	11.471658	52.031376
26	-1	11.494332	52.137032
26	0	11.501889	52.242688
26	1	11.494332	52.348344
26	2	11.471658	52.454000
26	3	11.433868	52.559656
26	4	11.380963	52.665312
26	5	11.312941	52.770968
26	6	11.229804	52.876624
26	7	11.131551	52.982280
26	8	11.018182	53.087936
26	9	10.889697	53.193592
26	10	10.746096	53.299248
26	11	10.587380	53.404904
26	12	10.413547	53.510560
26	13	10.224599	53.616216
26	14	10.020535	53.721872
26	15	9.801355	53.827528
26	16	9.567059	53.933184
26	17	9.317647	54.038840
26	18	9.053119	54.144496
26	19	8.773476	54.250152
26	20	8.478717	54.355808
26	21	8.168841	54.461464
26	22	7.843850	54.567120
26	23	7.503743	54.672776
26	24	7.148520	54.778432
26	25	6.778182	54.884088
26	26	6.392727	54.989744
28	-28	6.379661	55.085204
28	-27	6.738983	55.180665
28	-26	7.085239	55.276125
28	-25	7.418428	55.371585
28	-24	7.738552	55.467046
28	-23	8.045609	55.562506
28	-22	8.339599	55.657966
28	-21	8.620524	55.753426
28	-20	8.888382	55.848887
28	-19	9.143174	55.944347
28	-18	9.384900	56.039807
28	-17	9.613559	56.135267
28	-16	9.829153	56.230728
28	-15	10.031680	56.326188
28	-14	10.221140	56.421648
28	-13	10.397535	56.517108
28	-12	10.560863	56.612569
28	-11	10.711125	56.708029
28	-10	10.848320	56.803489
28	-9	10.972450	56.898949
28	-8	11.083513	56.994410
28	-7	11.181510	57.089870
28	-6	11.266441	57.185330
28	-5	11.338305	57.280790
28	-4	11.397103	57.376251
28	-3	11.442835	57.471711
28	-2	11.475501	57.567171
28	-1	11.495100	57.662631
28	0	11.501633	57.758092
28	1	11.495100	57.853552
28	2	11.475501	57.949012
28	3	11.442835	58.044472
28	4	11.397103	58.139933
28	5	11.338305	58.235393
28	6	11.266441	58.330853
28	7	11.181510	58.426313
28	8	11.083513	58.521774
28	9	10.972450	58.617234
28	10	10.848320	58.712694
28	11	10.711125	58.808154
28	12	10.560863	58.903615
28	13	10.397535	58.999075
28	14	10.221140	59.094535
28	15	10.031680	59.189995
28	16	9.829153	59.285456
28	17	9.613559	59.380916
28	18	9.384900	59.476376
28	19	9.143174	59.571836
28	20	8.888382	59.667297
28	21	8.620524	59.762757
28	22	8.339599	59.858217
28	23	8.045609	59.953678
28	24	7.738552	60.049138
28	25	7.418428	60.144598
28	26	7.085239	60.240058
28	27	6.738983	60.335519
28	28	6.379661	60.430979
30	-30	6.368254	60.516593
30	-29	6.704762	60.602207
30	-28	7.029863	60.687821
30	-27	7.343557	60.773436
30	-26	7.645843	60.859050
30	-25	7.936723	60.944664
30	-24	8.216196	61.030278
30	-23	8.484262	61.115892
30	-22	8.740920	61.201507
30	-21	8.986172	61.287121
30	-20	9.220016	61.372735
30	-19	9.442454	61.458349
30	-18	9.653484	61.543963
30	-17	9.853107	61.629578
30	-16	10.041324	61.715192
30	-15	10.218133	61.800806
30	-14	10.383535	61.886420
30	-13	10.537530	61.972034
30	-12	10.680118	62.057649
30	-11	10.811299	62.143263
30	-10	10.931073	62.228877
30	-9	11.039440	62.314491
30	-8	11.136400	62.400105
30	-7	11.221953	62.485720
30	-6	11.296099	62.571334
30	-5	11.358838	62.656948
30	-4	11.410169	62.742562
30	-3	11.450094	62.828176
30	-2	11.478612	62.913791
30	-1	11.495722	62.999405
30	0	11.501426	63.085019
30	1	11.495722	63.170633
30	2	11.478612	63.256247
30	3	11.450094	63.341862
30	4	11.410169	63.427476
30	5	11.358838	63.513090
30	6	11.296099	63.598704
30	7	11.221953	63.684318
30	8	11.136400	63.769933
30	9	11.039440	63.855547
30	10	10.931073	63.941161
30	11	10.811299	64.026775
30	12	10.680118	64.112389
30	13	10.537530	64.198004
30	14	10.383535	64.283618
30	15	10.218133	64.369232
30	16	10.041324	64.454846
30	17	9.853107	64.540460
30	18	9.653484	64.626075
30	19	9.442454	64.711689
30	20	9.220016	64.797303
30	21	8.986172	64.882917
30	22	8.740920	64.968531
30	23	8.484262	65.054146
30	24	8.216196	65.139760
30	25	7.936723	65.225374
30	26	7.645843	65.310988
30	27	7.343557	65.396602
30	28	7.029863	65.482217
30	29	6.704762	65.567831
30	30	6.368254	65.653445
32	-32	6.358209	65.729664
32	-31	6.674627	65.805883
32	-30	6.981000	65.882102
32	-29	7.277328	65.958321
32	-28	7.563611	66.034541
32	-27	7.839848	66.110760
32	-26	8.106041	66.186979
32	-25	8.362189	66.263198
32	-24	8.608292	66.339417
32	-23	8.844350	66.415636
32	-22	9.070362	66.491855
32	-21	9.286330	66.568074
32	-20	9.492253	66.644293
32	-19	9.688131	66.720512
32	-18	9.873964	66.796732
32	-17	10.049751	66.872951
32	-16	10.215494	66.949170
32	-15	10.371192	67.025389
32	-14	10.516844	67.101608
32	-13	10.652452	67.177827
32	-12	10.778015	67.254046
32	-11	10.893532	67.330265
32	-10	10.999005	67.406484
32	-9	11.094433	67.482703
32	-8	11.179815	67.558923
32	-7	11.255153	67.635142
32	-6	11.320445	67.711361
32	-5	11.375693	67.787580
32	-4	11.420896	67.863799
32	-3	11.456053	67.940018
32	-2	11.481166	68.016237
32	-1	11.496233	68.092456
32	0	11.501256	68.168675
32	1	11.496233	68.244894
32	2	11.481166	68.321114
32	3	11.456053	68.397333
32	4	11.420896	68.473552
32	5	11.375693	68.549771
32	6	11.320445	68.625990
32	7	11.255153	68.702209
32	8	11.179815	68.778428
32	9	11.094433	68.854647
32	10	10.999005	68.930866
32	11	10.893532	69.007085
32	12	10.778015	69.083305
32	13	10.652452	69.159524
32	14	10.516844	69.235743
32	15	10.371192	69.311962
32	16	10.215494	69.388181
32	17	10.049751	69.464400
32	18	9.873964	69.540619
32	19	9.688131	69.616838
32	20	9.492253	69.693057
32	21	9.286330	69.769276
32	22	9.070362	69.845496
32	23	8.844350	69.921715
32	24	8.608292	69.997934
32	25	8.362189	70.074153
32	26	8.106041	70.150372
32	27	7.839848	70.226591
32	28	7.563611	70.302810
32	29	7.277328	70.379029
32	30	6.981000	70.455248
32	31	6.674627	70.531467
32	32	6.358209	70.607687
34	-34	6.349296	70.675043
34	-33	6.647887	70.742399
34	-32	6.937566	70.809755
34	-31	7.218331	70.877111
34	-30	7.490183	70.944467
34	-29	7.753122	71.011823
34	-28	8.007147	71.079179
34	-27	8.252260	71.146535
34	-26	8.488459	71.213891
34	-25	8.715745	71.281247
34	-24	8.934118	71.348603
34	-23	9.143578	71.415959
34	-22	9.344124	71.483315
34	-21	9.535758	71.550671
34	-20	9.718478	71.618027
34	-19	9.892285	71.685383
34	-18	10.057179	71.752739
34	-17	10.213160	71.820096
34	-16	10.360227	71.887452
34	-15	10.498381	71.954808
34	-14	10.627622	72.022164
34	-13	10.747950	72.089520
34	-12	10.859365	72.156876
34	-11	10.961867	72.224232
34	-10	11.055455	72.291588
34	-9	11.140130	72.358944
34	-8	11.215892	72.426300
34	-7	11.282741	72.493656
34	-6	11.340677	72.561012
34	-5	11.389699	72.628368
34	-4	11.429809	72.695724
34	-3	11.461005	72.763080
34	-2	11.483288	72.830436
34	-1	11.496658	72.897792
34	0	11.501114	72.965148
34	1	11.496658	73.032504
34	2	11.483288	73.099860
34	3	11.461005	73.167217
34	4	11.429809	73.234573
34	5	11.389699	73.301929
34	6	11.340677	73.369285
34	7	11.282741	73.436641
34	8	11.215892	73.503997
34	9	11.140130	73.571353
34	10	11.055455	73.638709
34	11	10.961867	73.706065
34	12	10.859365	73.773421
34	13	10.747950	73.840777
34	14	10.627622	73.908133
34	15	10.498381	73.975489
34	16	10.360227	74.042845
34	17	10.213160	74.110201
34	18	10.057179	74.177557
34	19	9.892285	74.244913
34	20	9.718478	74.312269
34	21	9.535758	74.379625
34	22	9.344124	74.446982
34	23	9.143578	74.514338
34	24	8.934118	74.581694
34	25	8.715745	74.649050
34	26	8.488459	74.716406
34	27	8.252260	74.783762
34	28	8.007147	74.851118
34	29	7.753122	74.918474
34	30	7.490183	74.985830
34	31	7.218331	75.053186
34	32	6.937566	75.120542
34	33	6.647887	75.187898
34	34	6.349296	75.255254
36	-36	6.341333	75.314340
36	-35	6.624000	75.373426
36	-34	6.898704	75.432512
36	-33	7.165446	75.491598
36	-32	7.424225	75.550684
36	-31	7.675042	75.609770
36	-30	7.917897	75.668856
36	-29	8.152789	75.727942
36	-28	8.379718	75.787028
36	-27	8.598685	75.846114
36	-26	8.809690	75.905200
36	-25	9.012732	75.964286
36	-24	9.207812	76.023372
36	-23	9.394930	76.082457
36	-22	9.574085	76.141543
36	-21	9.745277	76.200629
36	-20	9.908507	76.259715
36	-19	10.063775	76.318801
36	-18	10.211080	76.377887
36	-17	10.350423	76.436973
36	-16	10.481803	76.496059
36	-15	10.605221	76.555145
36	-14	10.720676	76.614231
36	-13	10.828169	76.673317
36	-12	10.927700	76.732403
36	-11	11.019268	76.791489
36	-10	11.102873	76.850575
36	-9	11.178516	76.909661
36	-8	11.246197	76.968747
36	-7	11.305915	77.027833
36	-6	11.357671	77.086919
36	-5	11.401465	77.146005
36	-4	11.437296	77.205091
36	-3	11.465164	77.264176
36	-2	11.485070	77.323262
36	-1	11.497014	77.382348
36	0	11.500995	77.441434
36	1	11.497014	77.500520
36	2	11.485070	77.559606
36	3	11.465164	77.618692
36	4	11.437296	77.677778
36	5	11.401465	77.736864
36	6	11.357671	77.795950
36	7	11.305915	77.855036
36	8	11.246197	77.914122
36	9	11.178516	77.973208
36	10	11.102873	78.032294
36	11	11.019268	78.091380
36	12	10.927700	78.150466
36	13	10.828169	78.209552
36	14	10.720676	78.268638
36	15	10.605221	78.327724
36	16	10.481803	78.386810
36	17	10.350423	78.445895
36	18	10.211080	78.504981
36	19	10.063775	78.564067
36	20	9.908507	78.623153
36	21	9.745277	78.682239
36	22	9.574085	78.741325
36	23	9.394930	78.800411
36	24	9.207812	78.859497
36	25	9.012732	78.918583
36	26	8.809690	78.977669
36	27	8.598685	79.036755
36	28	8.379718	79.095841
36	29	8.152789	79.154927
36	30	7.917897	79.214013
36	31	7.675042	79.273099
36	32	7.424225	79.332185
36	33	7.165446	79.391271
36	34	6.898704	79.450357
36	35	6.624000	79.509443
36	36	6.341333	79.568529
38	-38	6.334177	79.619979
38	-37	6.602532	79.671429
38	-36	6.863730	79.722879
38	-35	7.117772	79.774329
38	-34	7.364658	79.825779
38	-33	7.604388	79.877229
38	-32	7.836962	79.928680
38	-31	8.062380	79.980130
38	-30	8.280641	80.031580
38	-29	8.491747	80.083030
38	-28	8.695696	80.134480
38	-27	8.892489	80.185930
38	-26	9.082127	80.237380
38	-25	9.264608	80.288831
38	-24	9.439932	80.340281
38	-23	9.608101	80.391731
38	-22	9.769114	80.443181
38	-21	9.922970	80.494631
38	-20	10.069671	80.546081
38	-19	10.209215	80.597531
38	-18	10.341603	80.648982
38	-17	10.466835	80.700432
38	-16	10.584911	80.751882
38	-15	10.695831	80.803332
38	-14	10.799595	80.854782
38	-13	10.896203	80.906232
38	-12	10.985654	80.957682
38	-11	11.067949	81.009133
38	-10	11.143089	81.060583
38	-9	11.211072	81.112033
38	-8	11.271899	81.163483
38	-7	11.325570	81.214933
38	-6	11.372084	81.266383
38	-5	11.411443	81.317834
38	-4	11.443646	81.369284
38	-3	11.468692	81.420734
38	-2	11.486582	81.472184
38	-1	11.497316	81.523634
38	0	11.500895	81.575084
38	1	11.497316	81.626534
38	2	11.486582	81.677985
38	3	11.468692	81.729435
38	4	11.443646	81.780885
38	5	11.411443	81.832335
38	6	11.372084	81.883785
38	7	11.325570	81.935235
38	8	11.271899	81.986685
38	9	11.211072	82.038136
38	10	11.143089	82.089586
38	11	11.067949	82.141036
38	12	10.985654	82.192486
38	13	10.896203	82.243936
38	14	10.799595	82.295386
38	15	10.695831	82.346836
38	16	10.584911	82.398287
38	17	10.466835	82.449737
38	18	10.341603	82.501187
38	19	10.209215	82.552637
38	20	10.069671	82.604087
38	21	9.922970	82.655537
38	22	9.769114	82.706987
38	23	9.608101	82.758438
38	24	9.439932	82.809888
38	25	9.264608	82.861338
38	26	9.082127	82.912788
38	27	8.892489	82.964238
38	28	8.695696	83.015688
38	29	8.491747	83.067139
38	30	8.280641	83.118589
38	31	8.062380	83.170039
38	32	7.836962	83.221489
38	33	7.604388	83.272939
38	34	7.364658	83.324389
38	35	7.117772	83.375839
38	36	6.863730	83.427290
38	37	6.602532	83.478740
38	38	6.334177	83.530190
40	-40	6.327711	83.574662
40	-39	6.583133	83.619133
40	-38	6.832088	83.663605
40	-37	7.074577	83.708077
40	-36	7.310599	83.752548
40	-35	7.540156	83.797020
40	-34	7.763245	83.841492
40	-33	7.979869	83.885964
40	-32	8.190026	83.930435
40	-31	8.393717	83.974907
40	-30	8.590941	84.019379
40	-29	8.781699	84.063850
40	-28	8.965991	84.108322
40	-27	9.143816	84.152794
40	-26	9.315175	84.197265
40	-25	9.480067	84.241737
40	-24	9.638493	84.286209
40	-23	9.790453	84.330681
40	-22	9.935946	84.375152
40	-21	10.074973	84.419624
40	-20	10.207534	84.464096
40	-19	10.333628	84.508567
40	-18	10.453256	84.553039
40	-17	10.566418	84.597511
40	-16	10.673113	84.641983
40	-15	10.773341	84.686454
40	-14	10.867104	84.730926
40	-13	10.954400	84.775398
40	-12	11.035230	84.819869
40	-11	11.109593	84.864341
40	-10	11.177490	84.908813
40	-9	11.238920	84.953284
40	-8	11.293884	84.997756
40	-7	11.342382	85.042228
40	-6	11.384414	85.086700
40	-5	11.419979	85.131171
40	-4	11.449077	85.175643
40	-3	11.471710	85.220115
40	-2	11.487876	85.264586
40	-1	11.497575	85.309058
40	0	11.500808	85.353530
40	1	11.497575	85.398002
40	2	11.487876	85.442473
40	3	11.471710	85.486945
40	4	11.449077	85.531417
40	5	11.419979	85.575888
40	6	11.384414	85.620360
40	7	11.342382	85.664832
40	8	11.293884	85.709304
40	9	11.238920	85.753775
40	10	11.177490	85.798247
40	11	11.109593	85.842719
40	12	11.035230	85.887190
40	13	10.954400	85.931662
40	14	10.867104	85.976134
40	15	10.773341	86.020605
40	16	10.673113	86.065077
40	17	10.566418	86.109549
40	18	10.453256	86.154021
40	19	10.333628	86.198492
40	20	10.207534	86.242964
40	21	10.074973	86.287436
40	22	9.935946	86.331907
40	23	9.790453	86.376379
40	24	9.638493	86.420851
40	25	9.480067	86.465323
40	26	9.315175	86.509794
40	27	9.143816	86.554266
40	28	8.965991	86.598738
40	29	8.781699	86.643209
40	30	8.590941	86.687681
40	31	8.393717	86.732153
40	32	8.190026	86.776625
40	33	7.979869	86.821096
40	34	7.763245	86.865568
40	35	7.540156	86.910040
40	36	7.310599	86.954511
40	37	7.074577	86.998983
40	38	6.832088	87.043455
40	39	6.583133	87.087926
40	40	6.327711	87.132398
42	-42	6.321839	87.170555
42	-41	6.565517	87.208712
42	-40	6.803324	87.246870
42	-39	7.035258	87.285027
42	-38	7.261321	87.323184
42	-37	7.481512	87.361341
42	-36	7.695832	87.399498
42	-35	7.904279	87.437655
42	-34	8.106855	87.475812
42	-33	8.303559	87.513970
42	-32	8.494391	87.552127
42	-31	8.679352	87.590284
42	-30	8.858441	87.628441
42	-29	9.031658	87.666598
42	-28	9.199003	87.704755
42	-27	9.360476	87.742912
42	-26	9.516078	87.781070
42	-25	9.665808	87.819227
42	-24	9.809666	87.857384
42	-23	9.947653	87.895541
42	-22	10.079767	87.933698
42	-21	10.206010	87.971855
42	-20	10.326381	88.010012
42	-19	10.440881	88.048169
42	-18	10.549508	88.086327
42	-17	10.652264	88.124484
42	-16	10.749148	88.162641
42	-15	10.840161	88.200798
42	-14	10.925301	88.238955
42	-13	11.004570	88.277112
42	-12	11.077967	88.315269
42	-11	11.145492	88.353427
42	-10	11.207146	88.391584
42	-9	11.262928	88.429741
42	-8	11.312838	88.467898
42	-7	11.356876	88.506055
42	-6	11.395042	88.544212
42	-5	11.427337	88.582369
42	-4	11.453760	88.620527
42	-3	11.474311	88.658684
42	-2	11.488990	88.696841
42	-1	11.497798	88.734998
42	0	11.500734	88.773155
42	1	11.497798	88.811312
42	2	11.488990	88.849469
42	3	11.474311	88.887627
42	4	11.453760	88.925784
42	5	11.427337	88.963941
42	6	11.395042	89.002098
42	7	11.356876	89.040255
42	8	11.312838	89.078412
42	9	11.262928	89.116569
42	10	11.207146	89.154726
42	11	11.145492	89.192884
42	12	11.077967	89.231041
42	13	11.004570	89.269198
42	14	10.925301	89.307355
42	15	10.840161	89.345512
42	16	10.749148	89.383669
42	17	10.652264	89.421826
42	18	10.549508	89.459984
42	19	10.440881	89.498141
42	20	10.326381	89.536298
42	21	10.206010	89.574455
42	22	10.079767	89.612612
42	23	9.947653	89.650769
42	24	9.809666	89.688926
42	25	9.665808	89.727084
42	26	9.516078	89.765241
42	27	9.360476	89.803398
42	28	9.199003	89.841555
42	29	9.031658	89.879712
42	30	8.858441	89.917869
42	31	8.679352	89.956026
42	32	8.494391	89.994184
42	33	8.303559	90.032341
42	34	8.106855	90.070498
42	35	7.904279	90.108655
42	36	7.695832	90.146812
42	37	7.481512	90.184969
42	38	7.261321	90.223126
42	39	7.035258	90.261283
42	40	6.803324	90.299441
42	41	6.565517	90.337598
42	42	6.321839	90.375755
44	-44	6.316484	90.408253
44	-43	6.549451	90.440752
44	-42	6.777062	90.473250
44	-41	6.999318	90.505749
44	-40	7.216218	90.538247
44	-39	7.427763	90.570746
44	-38	7.633952	90.603244
44	-37	7.834786	90.635742
44	-36	8.030264	90.668241
44	-35	8.220387	90.700739
44	-34	8.405153	90.733238
44	-33	8.584565	90.765736
44	-32	8.758621	90.798235
44	-31	8.927321	90.830733
44	-30	9.090666	90.863232
44	-29	9.248655	90.895730
44	-28	9.401288	90.928228
44	-27	9.548566	90.960727
44	-26	9.690489	90.993225
44	-25	9.827056	91.025724
44	-24	9.958267	91.058222
44	-23	10.084123	91.090721
44	-22	10.204623	91.123219
44	-21	10.319768	91.155718
44	-20	10.429557	91.188216
44	-19	10.533990	91.220714
44	-18	10.633068	91.253213
44	-17	10.726790	91.285711
44	-16	10.815157	91.318210
44	-15	10.898168	91.350708
44	-14	10.975824	91.383207
44	-13	11.048124	91.415705
44	-12	11.115069	91.448204
44	-11	11.176658	91.480702
44	-10	11.232891	91.513200
44	-9	11.283769	91.545699
44	-8	11.329291	91.578197
44	-7	11.369458	91.610696
44	-6	11.404269	91.643194
44	-5	11.433725	91.675693
44	-4	11.457825	91.708191
44	-3	11.476569	91.740690
44	-2	11.489958	91.773188
44	-1	11.497992	91.805686
44	0	11.500669	91.838185
44	1	11.497992	91.870683
44	2	11.489958	91.903182
44	3	11.476569	91.935680
44	4	11.457825	91.968179
44	5	11.433725	92.000677
44	6	11.404269	92.033176
44	7	11.369458	92.065674
44	8	11.329291	92.098172
44	9	11.283769	92.130671
44	10	11.232891	92.163169
44	11	11.176658	92.195668
44	12	11.115069	92.228166
44	13	11.048124	92.260665
44	14	10.975824	92.293163
44	15	10.898168	92.325662
44	16	10.815157	92.358160
44	17	10.726790	92.390658
44	18	10.633068	92.423157
44	19	10.533990	92.455655
44	20	10.429557	92.488154
44	21	10.319768	92.520652
44	22	10.204623	92.553151
44	23	10.084123	92.585649
44	24	9.958267	92.618148
44	25	9.827056	92.650646
44	26	9.690489	92.683144
44	27	9.548566	92.715643
44	28	9.401288	92.748141
44	29	9.248655	92.780640
44	30	9.090666	92.813138
44	31	8.927321	92.845637
44	32	8.758621	92.878135
44	33	8.584565	92.910634
44	34	8.405153	92.943132
44	35	8.220387	92.975630
44	36	8.030264	93.008129
44	37	7.834786	93.040627
44	38	7.633952	93.073126
44	39	7.427763	93.105624
44	40	7.216218	93.138123
44	41	6.999318	93.170621
44	42	6.777062	93.203120
44	43	6.549451	93.235618
44	44	6.316484	93.268116
46	-46	6.311579	93.295592
46	-45	6.534737	93.323067
46	-44	6.752990	93.350543
46	-43	6.966339	93.378018
46	-42	7.174783	93.405493
46	-41	7.378323	93.432969
46	-40	7.576958	93.460444
46	-39	7.770688	93.487920
46	-38	7.959514	93.515395
46	-37	8.143436	93.542870
46	-36	8.322452	93.570346
46	-35	8.496564	93.597821
46	-34	8.665772	93.625297
46	-33	8.830075	93.652772
46	-32	8.989474	93.680248
46	-31	9.143968	93.707723
46	-30	9.293557	93.735198
46	-29	9.438242	93.762674
46	-28	9.578022	93.790149
46	-27	9.712898	93.817625
46	-26	9.842869	93.845100
46	-25	9.967935	93.872575
46	-24	10.088097	93.900051
46	-23	10.203355	93.927526
46	-22	10.313707	93.955002
46	-21	10.419156	93.982477
46	-20	10.519699	94.009952
46	-19	10.615338	94.037428
46	-18	10.706073	94.064903
46	-17	10.791903	94.092379
46	-16	10.872828	94.119854
46	-15	10.948849	94.147329
46	-14	11.019965	94.174805
46	-13	11.086177	94.202280
46	-12	11.147484	94.229756
46	-11	11.203887	94.257231
46	-10	11.255385	94.284706
46	-9	11.301978	94.312182
46	-8	11.343667	94.339657
46	-7	11.380451	94.367133
46	-6	11.412331	94.394608
46	-5	11.439306	94.422084
46	-4	11.461377	94.449559
46	-3	11.478543	94.477034
46	-2	11.490804	94.504510
46	-1	11.498161	94.531985
46	0	11.500613	94.559461
46	1	11.498161	94.586936
46	2	11.490804	94.614411
46	3	11.478543	94.641887
46	4	11.461377	94.669362
46	5	11.439306	94.696838
46	6	11.412331	94.724313
46	7	11.380451	94.751788
46	8	11.343667	94.779264
46	9	11.301978	94.806739
46	10	11.255385	94.834215
46	11	11.203887	94.861690
46	12	11.147484	94.889165
46	13	11.086177	94.916641
46	14	11.019965	94.944116
46	15	10.948849	94.971592
46	16	10.872828	94.999067
46	17	10.791903	95.026542
46	18	10.706073	95.054018
46	19	10.615338	95.081493
46	20	10.519699	95.108969
46	21	10.419156	95.136444
46	22	10.313707	95.163920
46	23	10.203355	95.191395
46	24	10.088097	95.218870
46	25	9.967935	95.246346
46	26	9.842869	95.273821
46	27	9.712898	95.301297
46	28	9.578022	95.328772
46	29	9.438242	95.356247
46	30	9.293557	95.383723
46	31	9.143968	95.411198
46	32	8.989474	95.438674
46	33	8.830075	95.466149
46	34	8.665772	95.493624
46	35	8.496564	95.521100
46	36	8.322452	95.548575
46	37	8.143436	95.576051
46	38	7.959514	95.603526
46	39	7.770688	95.631001
46	40	7.576958	95.658477
46	41	7.378323	95.685952
46	42	7.174783	95.713428
46	43	6.966339	95.740903
46	44	6.752990	95.768378
46	45	6.534737	95.795854
46	46	6.311579	95.823329
48	-48	6.307071	95.846387
48	-47	6.521212	95.869445
48	-46	6.730845	95.892503
48	-45	6.935970	95.915561
48	-44	7.136587	95.938619
48	-43	7.332695	95.961677
48	-42	7.524296	95.984735
48	-41	7.711388	96.007793
48	-40	7.893971	96.030851
48	-39	8.072047	96.053909
48	-38	8.245614	96.076967
48	-37	8.414673	96.100025
48	-36	8.579224	96.123083
48	-35	8.739266	96.146140
48	-34	8.894801	96.169198
48	-33	9.045827	96.192256
48	-32	9.192344	96.215314
48	-31	9.334354	96.238372
48	-30	9.471855	96.261430
48	-29	9.604848	96.284488
48	-28	9.733333	96.307546
48	-27	9.857310	96.330604
48	-26	9.976778	96.353662
48	-25	10.091738	96.376720
48	-24	10.202190	96.399778
48	-23	10.308134	96.422836
48	-22	10.409569	96.445894
48	-21	10.506497	96.468952
48	-20	10.598915	96.492010
48	-19	10.686826	96.515067
48	-18	10.770229	96.538125
48	-17	10.849123	96.561183
48	-16	10.923509	96.584241
48	-15	10.993386	96.607299
48	-14	11.058756	96.630357
48	-13	11.119617	96.653415
48	-12	11.175970	96.676473
48	-11	11.227815	96.699531
48	-10	11.275152	96.722589
48	-9	11.317980	96.745647
48	-8	11.356300	96.768705
48	-7	11.390112	96.791763
48	-6	11.419415	96.814821
48	-5	11.444211	96.837879
48	-4	11.464498	96.860937
48	-3	11.480276	96.883995
48	-2	11.491547	96.907052
48	-1	11.498309	96.930110
48	0	11.500564	96.953168
48	1	11.498309	96.976226
48	2	11.491547	96.999284
48	3	11.480276	97.022342
48	4	11.464498	97.045400
48	5	11.444211	97.068458
48	6	11.419415	97.091516
48	7	11.390112	97.114574
48	8	11.356300	97.137632
48	9	11.317980	97.160690
48	10	11.275152	97.183748
48	11	11.227815	97.206806
48	12	11.175970	97.229864
48	13	11.119617	97.252922
48	14	11.058756	97.275980
48	15	10.993386	97.299037
48	16	10.923509	97.322095
48	17	10.849123	97.345153
48	18	10.770229	97.368211
48	19	10.686826	97.391269
48	20	10.598915	97.414327
48	21	10.506497	97.437385
48	22	10.409569	97.460443
48	23	10.308134	97.483501
48	24	10.202190	97.506559
48	25	10.091738	97.529617
48	26	9.976778	97.552675
48	27	9.857310	97.575733
48	28	9.733333	97.598791
48	29	9.604848	97.621849
48	30	9.471855	97.644907
48	31	9.334354	97.667964
48	32	9.192344	97.691022
48	33	9.045827	97.714080
48	34	8.894801	97.737138
48	35	8.739266	97.760196
48	36	8.579224	97.783254
48	37	8.414673	97.806312
48	38	8.245614	97.829370
48	39	8.072047	97.852428
48	40	7.893971	97.875486
48	41	7.711388	97.898544
48	42	7.524296	97.921602
48	43	7.332695	97.944660
48	44	7.136587	97.967718
48	45	6.935970	97.990776
48	46	6.730845	98.013834
48	47	6.521212	98.036892
48	48	6.307071	98.059949
50	-50	6.302913	98.079158
50	-49	6.508738	98.098366
50	-48	6.710405	98.117575
50	-47	6.907914	98.136783
50	-46	7.101265	98.155992
50	-45	7.290458	98.175200
50	-44	7.475493	98.194408
50	-43	7.656370	98.213617
50	-42	7.833088	98.232825
50	-41	8.005649	98.252034
50	-40	8.174051	98.271242
50	-39	8.338296	98.290451
50	-38	8.498382	98.309659
50	-37	8.654310	98.328867
50	-36	8.806080	98.348076
50	-35	8.953692	98.367284
50	-34	9.097146	98.386493
50	-33	9.236442	98.405701
50	-32	9.371580	98.424909
50	-31	9.502560	98.444118
50	-30	9.629381	98.463326
50	-29	9.752045	98.482535
50	-28	9.870550	98.501743
50	-27	9.984898	98.520952
50	-26	10.095087	98.540160
50	-25	10.201118	98.559368
50	-24	10.302991	98.578577
50	-23	10.400706	98.597785
50	-22	10.494263	98.616994
50	-21	10.583662	98.636202
50	-20	10.668903	98.655411
50	-19	10.749985	98.674619
50	-18	10.826910	98.693827
50	-17	10.899676	98.713036
50	-16	10.968285	98.732244
50	-15	11.032735	98.751453
50	-14	11.093027	98.770661
50	-13	11.149162	98.789869
50	-12	11.201138	98.809078
50	-11	11.248956	98.828286
50	-10	11.292615	98.847495
50	-9	11.332117	98.866703
50	-8	11.367461	98.885912
50	-7	11.398647	98.905120
50	-6	11.425674	98.924328
50	-5	11.448544	98.943537
50	-4	11.467255	98.962745
50	-3	11.481808	98.981954
50	-2	11.492204	99.001162
50	-1	11.498441	99.020371
50	0	11.500520	99.039579
50	1	11.498441	99.058787
50	2	11.492204	99.077996
50	3	11.481808	99.097204
50	4	11.467255	99.116413
50	5	11.448544	99.135621
50	6	11.425674	99.154829
50	7	11.398647	99.174038
50	8	11.367461	99.193246
50	9	11.332117	99.212455
50	10	11.292615	99.231663
50	11	11.248956	99.250872
50	12	11.201138	99.270080
50	13	11.149162	99.289288
50	14	11.093027	99.308497
50	15	11.032735	99.327705
50	16	10.968285	99.346914
50	17	10.899676	99.366122
50	18	10.826910	99.385331
50	19	10.749985	99.404539
50	20	10.668903	99.423747
50	21	10.583662	99.442956
50	22	10.494263	99.462164
50	23	10.400706	99.481373
50	24	10.302991	99.500581
50	25	10.201118	99.519789
50	26	10.095087	99.538998
50	27	9.984898	99.558206
50	28	9.870550	99.577415
50	29	9.752045	99.596623
50	30	9.629381	99.615832
50	31	9.502560	99.635040
50	32	9.371580	99.654248
50	33	9.236442	99.673457
50	34	9.097146	99.692665
50	35	8.953692	99.711874
50	36	8.806080	99.731082
50	37	8.654310	99.750291
50	38	8.498382	99.769499
50	39	8.338296	99.788707
50	40	8.174051	99.807916
50	41	8.005649	99.827124
50	42	7.833088	99.846333
50	43	7.656370	99.865541
50	44	7.475493	99.884749
50	45	7.290458	99.903958
50	46	7.101265	99.923166
50	47	6.907914	99.942375
50	48	6.710405	99.961583
50	49	6.508738	99.980792
50	50	6.302913	100.000000
