0	0	9.733333	0.696281
2	-2	7.714286	1.378154
2	-1	10.742857	2.060026
2	0	11.752381	2.741899
2	1	10.742857	3.423771
2	2	7.714286	4.105643
4	-4	7.163636	4.755045
4	-3	9.090909	5.404446
4	-2	10.467532	6.053848
4	-1	11.293506	6.703249
4	0	11.568831	7.352650
4	1	11.293506	8.002052
4	2	10.467532	8.651453
4	3	9.090909	9.300854
4	4	7.163636	9.950256
6	-6	6.906667	10.551727
6	-5	8.320000	11.153198
6	-4	9.476364	11.754669
6	-3	10.375758	12.356140
6	-2	11.018182	12.957611
6	-1	11.403636	13.559082
6	0	11.532121	14.160553
6	1	11.403636	14.762024
6	2	11.018182	15.363495
6	3	10.375758	15.964965
6	4	9.476364	16.566436
6	5	8.320000	17.167907
6	6	6.906667	17.769378
8	-8	6.757895	18.311139
8	-7	7.873684	18.852900
8	-6	8.840702	19.394661
8	-5	9.658947	19.936422
8	-4	10.328421	20.478182
8	-3	10.849123	21.019943
8	-2	11.221053	21.561704
8	-1	11.444211	22.103465
8	0	11.518596	22.645226
8	1	11.444211	23.186987
8	2	11.221053	23.728747
8	3	10.849123	24.270508
8	4	10.328421	24.812269
8	5	9.658947	25.354030
8	6	8.840702	25.895791
8	7	7.873684	26.437551
8	8	6.757895	26.979312
10	-10	6.660870	27.453873
10	-9	7.582609	27.928434
10	-8	8.407323	28.402995
10	-7	9.135011	28.877556
10	-6	9.765675	29.352117
10	-5	10.299314	29.826678
10	-4	10.735927	30.301239
10	-3	11.075515	30.775800
10	-2	11.318078	31.250360
10	-1	11.463616	31.724921
10	0	11.512128	32.199482
10	1	11.463616	32.674043
10	2	11.318078	33.148604
10	3	11.075515	33.623165
10	4	10.735927	34.097726
10	5	10.299314	34.572287
10	6	9.765675	35.046848
10	7	9.135011	35.521409
10	8	8.407323	35.995969
10	9	7.582609	36.470530
10	10	6.660870	36.945091
12	-12	6.592593	37.349358
12	-11	7.377778	37.753624
12	-10	8.094686	38.157891
12	-9	8.743317	38.562157
12	-8	9.323671	38.966424
12	-7	9.835749	39.370690
12	-6	10.279549	39.774957
12	-5	10.655072	40.179223
12	-4	10.962319	40.583490
12	-3	11.201288	40.987756
12	-2	11.371981	41.392023
12	-1	11.474396	41.796289
12	0	11.508535	42.200556
12	1	11.474396	42.604822
12	2	11.371981	43.009089
12	3	11.201288	43.413355
12	4	10.962319	43.817622
12	5	10.655072	44.221888
12	6	10.279549	44.626155
12	7	9.835749	45.030422
12	8	9.323671	45.434688
12	9	8.743317	45.838955
12	10	8.094686	46.243221
12	11	7.377778	46.647488
12	12	6.592593	47.051754
14	-14	6.541935	47.386669
14	-13	7.225806	47.721585
14	-12	7.859020	48.056500
14	-11	8.441577	48.391415
14	-10	8.973477	48.726331
14	-9	9.454719	49.061246
14	-8	9.885305	49.396161
14	-7	10.265233	49.731077
14	-6	10.594504	50.065992
14	-5	10.873118	50.400907
14	-4	11.101075	50.735823
14	-3	11.278375	51.070738
14	-2	11.405018	51.405653
14	-1	11.481004	51.740569
14	0	11.506332	52.075484
14	1	11.481004	52.410399
14	2	11.405018	52.745315
14	3	11.278375	53.080230
14	4	11.101075	53.415145
14	5	10.873118	53.750061
14	6	10.594504	54.084976
14	7	10.265233	54.419891
14	8	9.885305	54.754807
14	9	9.454719	55.089722
14	10	8.973477	55.424637
14	11	8.441577	55.759553
14	12	7.859020	56.094468
14	13	7.225806	56.429383
14	14	6.541935	56.764299
16	-16	6.502857	57.034131
16	-15	7.108571	57.303963
16	-14	7.675207	57.573795
16	-13	8.202765	57.843627
16	-12	8.691244	58.113459
16	-11	9.140645	58.383292
16	-10	9.550968	58.653124
16	-9	9.922212	58.922956
16	-8	10.254378	59.192788
16	-7	10.547465	59.462620
16	-6	10.801475	59.732452
16	-5	11.016406	60.002285
16	-4	11.192258	60.272117
16	-3	11.329032	60.541949
16	-2	11.426728	60.811781
16	-1	11.485346	61.081613
16	0	11.504885	61.351445
16	1	11.485346	61.621278
16	2	11.426728	61.891110
16	3	11.329032	62.160942
16	4	11.192258	62.430774
16	5	11.016406	62.700606
16	6	10.801475	62.970438
16	7	10.547465	63.240271
16	8	10.254378	63.510103
16	9	9.922212	63.779935
16	10	9.550968	64.049767
16	11	9.140645	64.319599
16	12	8.691244	64.589432
16	13	8.202765	64.859264
16	14	7.675207	65.129096
16	15	7.108571	65.398928
16	16	6.502857	65.668760
18	-18	6.471795	65.880179
18	-17	7.015385	66.091598
18	-16	7.527912	66.303017
18	-15	8.009377	66.514436
18	-14	8.459780	66.725855
18	-13	8.879121	66.937274
18	-12	9.267399	67.148693
18	-11	9.624615	67.360112
18	-10	9.950769	67.571531
18	-9	10.245861	67.782950
18	-8	10.509890	67.994368
18	-7	10.742857	68.205787
18	-6	10.944762	68.417206
18	-5	11.115604	68.628625
18	-4	11.255385	68.840044
18	-3	11.364103	69.051463
18	-2	11.441758	69.262882
18	-1	11.488352	69.474301
18	0	11.503883	69.685720
18	1	11.488352	69.897139
18	2	11.441758	70.108558
18	3	11.364103	70.319977
18	4	11.255385	70.531396
18	5	11.115604	70.742815
18	6	10.944762	70.954233
18	7	10.742857	71.165652
18	8	10.509890	71.377071
18	9	10.245861	71.588490
18	10	9.950769	71.799909
18	11	9.624615	72.011328
18	12	9.267399	72.222747
18	13	8.879121	72.434166
18	14	8.459780	72.645585
18	15	8.009377	72.857004
18	16	7.527912	73.068423
18	17	7.015385	73.279842
18	18	6.471795	73.491261
20	-20	6.446512	73.652357
20	-19	6.939535	73.813453
20	-18	7.407275	73.974549
20	-17	7.849732	74.135646
20	-16	8.266905	74.296742
20	-15	8.658795	74.457838
20	-14	9.025403	74.618934
20	-13	9.366726	74.780031
20	-12	9.682767	74.941127
20	-11	9.973524	75.102223
20	-10	10.238998	75.263320
20	-9	10.479189	75.424416
20	-8	10.694097	75.585512
20	-7	10.883721	75.746608
20	-6	11.048062	75.907705
20	-5	11.187120	76.068801
20	-4	11.300894	76.229897
20	-3	11.389386	76.390993
20	-2	11.452594	76.552090
20	-1	11.490519	76.713186
20	0	11.503160	76.874282
20	1	11.490519	77.035378
20	2	11.452594	77.196475
20	3	11.389386	77.357571
20	4	11.300894	77.518667
20	5	11.187120	77.679763
20	6	11.048062	77.840860
20	7	10.883721	78.001956
20	8	10.694097	78.163052
20	9	10.479189	78.324149
20	10	10.238998	78.485245
20	11	9.973524	78.646341
20	12	9.682767	78.807437
20	13	9.366726	78.968534
20	14	9.025403	79.129630
20	15	8.658795	79.290726
20	16	8.266905	79.451822
20	17	7.849732	79.612919
20	18	7.407275	79.774015
20	19	6.939535	79.935111
20	20	6.446512	80.096207
22	-22	6.425532	80.215584
22	-21	6.876596	80.334960
22	-20	7.306680	80.454337
22	-19	7.715784	80.573713
22	-18	8.103909	80.693089
22	-17	8.471054	80.812466
22	-16	8.817219	80.931842
22	-15	9.142405	81.051219
22	-14	9.446611	81.170595
22	-13	9.729837	81.289971
22	-12	9.992083	81.409348
22	-11	10.233350	81.528724
22	-10	10.453637	81.648101
22	-9	10.652944	81.767477
22	-8	10.831272	81.886854
22	-7	10.988619	82.006230
22	-6	11.124988	82.125606
22	-5	11.240376	82.244983
22	-4	11.334785	82.364359
22	-3	11.408214	82.483736
22	-2	11.460663	82.603112
22	-1	11.492133	82.722488
22	0	11.502622	82.841865
22	1	11.492133	82.961241
22	2	11.460663	83.080618
22	3	11.408214	83.199994
22	4	11.334785	83.319370
22	5	11.240376	83.438747
22	6	11.124988	83.558123
22	7	10.988619	83.677500
22	8	10.831272	83.796876
22	9	10.652944	83.916252
22	10	10.453637	84.035629
22	11	10.233350	84.155005
22	12	9.992083	84.274382
22	13	9.729837	84.393758
22	14	9.446611	84.513134
22	15	9.142405	84.632511
22	16	8.817219	84.751887
22	17	8.471054	84.871264
22	18	8.103909	84.990640
22	19	7.715784	85.110017
22	20	7.306680	85.229393
22	21	6.876596	85.348769
22	22	6.425532	85.468146
24	-24	6.407843	85.554174
24	-23	6.823529	85.640203
24	-22	7.221527	85.726232
24	-21	7.601836	85.812260
24	-20	7.964456	85.898289
24	-19	8.309387	85.984317
24	-18	8.636629	86.070346
24	-17	8.946183	86.156375
24	-16	9.238048	86.242403
24	-15	9.512224	86.328432
24	-14	9.768711	86.414461
24	-13	10.007509	86.500489
24	-12	10.228619	86.586518
24	-11	10.432040	86.672546
24	-10	10.617772	86.758575
24	-9	10.785816	86.844604
24	-8	10.936170	86.930632
24	-7	11.068836	87.016661
24	-6	11.183813	87.102690
24	-5	11.281101	87.188718
24	-4	11.360701	87.274747
24	-3	11.422612	87.360775
24	-2	11.466834	87.446804
24	-1	11.493367	87.532833
24	0	11.502211	87.618861
24	1	11.493367	87.704890
24	2	11.466834	87.790919
24	3	11.422612	87.876947
24	4	11.360701	87.962976
24	5	11.281101	88.049005
24	6	11.183813	88.135033
24	7	11.068836	88.221062
24	8	10.936170	88.307090
24	9	10.785816	88.393119
24	10	10.617772	88.479148
24	11	10.432040	88.565176
24	12	10.228619	88.651205
24	13	10.007509	88.737234
24	14	9.768711	88.823262
24	15	9.512224	88.909291
24	16	9.238048	88.995319
24	17	8.946183	89.081348
24	18	8.636629	89.167377
24	19	8.309387	89.253405
24	20	7.964456	89.339434
24	21	7.601836	89.425463
24	22	7.221527	89.511491
24	23	6.823529	89.597520
24	24	6.407843	89.683548
26	-26	6.392727	89.743840
26	-25	6.778182	89.804132
26	-24	7.148520	89.864424
26	-23	7.503743	89.924716
26	-22	7.843850	89.985008
26	-21	8.168841	90.045300
26	-20	8.478717	90.105592
26	-19	8.773476	90.165884
26	-18	9.053119	90.226175
26	-17	9.317647	90.286467
26	-16	9.567059	90.346759
26	-15	9.801355	90.407051
26	-14	10.020535	90.467343
26	-13	10.224599	90.527635
26	-12	10.413547	90.587927
26	-11	10.587380	90.648219
26	-10	10.746096	90.708511
26	-9	10.889697	90.768802
26	-8	11.018182	90.829094
26	-7	11.131551	90.889386
26	-6	11.229804	90.949678
26	-5	11.312941	91.009970
26	-4	11.380963	91.070262
26	-3	11.433868	91.130554
26	-2	11.471658	91.190846
26	-1	11.494332	91.251138
26	0	11.501889	91.311429
26	1	11.494332	91.371721
26	2	11.471658	91.432013
26	3	11.433868	91.492305
26	4	11.380963	91.552597
26	5	11.312941	91.612889
26	6	11.229804	91.673181
26	7	11.131551	91.733473
26	8	11.018182	91.793765
26	9	10.889697	91.854057
26	10	10.746096	91.914348
26	11	10.587380	91.974640
26	12	10.413547	92.034932
26	13	10.224599	92.095224
26	14	10.020535	92.155516
26	15	9.801355	92.215808
26	16	9.567059	92.276100
26	17	9.317647	92.336392
26	18	9.053119	92.396684
26	19	8.773476	92.456975
26	20	8.478717	92.517267
26	21	8.168841	92.577559
26	22	7.843850	92.637851
26	23	7.503743	92.698143
26	24	7.148520	92.758435
26	25	6.778182	92.818727
26	26	6.392727	92.879019
28	-28	6.379661	92.920112
28	-27	6.738983	92.961204
28	-26	7.085239	93.002297
28	-25	7.418428	93.043390
28	-24	7.738552	93.084483
28	-23	8.045609	93.125576
28	-22	8.339599	93.166669
28	-21	8.620524	93.207762
28	-20	8.888382	93.248854
28	-19	9.143174	93.289947
28	-18	9.384900	93.331040
28	-17	9.613559	93.372133
28	-16	9.829153	93.413226
28	-15	10.031680	93.454319
28	-14	10.221140	93.495411
28	-13	10.397535	93.536504
28	-12	10.560863	93.577597
28	-11	10.711125	93.618690
28	-10	10.848320	93.659783
28	-9	10.972450	93.700876
28	-8	11.083513	93.741969
28	-7	11.181510	93.783061
28	-6	11.266441	93.824154
28	-5	11.338305	93.865247
28	-4	11.397103	93.906340
28	-3	11.442835	93.947433
28	-2	11.475501	93.988526
28	-1	11.495100	94.029619
28	0	11.501633	94.070711
28	1	11.495100	94.111804
28	2	11.475501	94.152897
28	3	11.442835	94.193990
28	4	11.397103	94.235083
28	5	11.338305	94.276176
28	6	11.266441	94.317269
28	7	11.181510	94.358361
28	8	11.083513	94.399454
28	9	10.972450	94.440547
28	10	10.848320	94.481640
28	11	10.711125	94.522733
28	12	10.560863	94.563826
28	13	10.397535	94.604918
28	14	10.221140	94.646011
28	15	10.031680	94.687104
28	16	9.829153	94.728197
28	17	9.613559	94.769290
28	18	9.384900	94.810383
28	19	9.143174	94.851476
28	20	8.888382	94.892568
28	21	8.620524	94.933661
28	22	8.339599	94.974754
28	23	8.045609	95.015847
28	24	7.738552	95.056940
28	25	7.418428	95.098033
28	26	7.085239	95.139126
28	27	6.738983	95.180218
28	28	6.379661	95.221311
30	-30	6.368254	95.248549
30	-29	6.704762	95.275786
30	-28	7.029863	95.303023
30	-27	7.343557	95.330261
30	-26	7.645843	95.357498
30	-25	7.936723	95.384735
30	-24	8.216196	95.411973
30	-23	8.484262	95.439210
30	-22	8.740920	95.466448
30	-21	8.986172	95.493685
30	-20	9.220016	95.520922
30	-19	9.442454	95.548160
30	-18	9.653484	95.575397
30	-17	9.853107	95.602634
30	-16	10.041324	95.629872
30	-15	10.218133	95.657109
30	-14	10.383535	95.684347
30	-13	10.537530	95.711584
30	-12	10.680118	95.738821
30	-11	10.811299	95.766059
30	-10	10.931073	95.793296
30	-9	11.039440	95.820533
30	-8	11.136400	95.847771
30	-7	11.221953	95.875008
30	-6	11.296099	95.902245
30	-5	11.358838	95.929483
30	-4	11.410169	95.956720
30	-3	11.450094	95.983958
30	-2	11.478612	96.011195
30	-1	11.495722	96.038432
30	0	11.501426	96.065670
30	1	11.495722	96.092907
30	2	11.478612	96.120144
30	3	11.450094	96.147382
30	4	11.410169	96.174619
30	5	11.358838	96.201856
30	6	11.296099	96.229094
30	7	11.221953	96.256331
30	8	11.136400	96.283569
30	9	11.039440	96.310806
30	10	10.931073	96.338043
30	11	10.811299	96.365281
30	12	10.680118	96.392518
30	13	10.537530	96.419755
30	14	10.383535	96.446993
30	15	10.218133	96.474230
30	16	10.041324	96.501467
30	17	9.853107	96.528705
30	18	9.653484	96.555942
30	19	9.442454	96.583180
30	20	9.220016	96.610417
30	21	8.986172	96.637654
30	22	8.740920	96.664892
30	23	8.484262	96.692129
30	24	8.216196	96.719366
30	25	7.936723	96.746604
30	26	7.645843	96.773841
30	27	7.343557	96.801079
30	28	7.029863	96.828316
30	29	6.704762	96.855553
30	30	6.368254	96.882791
32	-32	6.358209	96.900348
32	-31	6.674627	96.917905
32	-30	6.981000	96.935462
32	-29	7.277328	96.953019
32	-28	7.563611	96.970577
32	-27	7.839848	96.988134
32	-26	8.106041	97.005691
32	-25	8.362189	97.023248
32	-24	8.608292	97.040805
32	-23	8.844350	97.058363
32	-22	9.070362	97.075920
32	-21	9.286330	97.093477
32	-20	9.492253	97.111034
32	-19	9.688131	97.128591
32	-18	9.873964	97.146149
32	-17	10.049751	97.163706
32	-16	10.215494	97.181263
32	-15	10.371192	97.198820
32	-14	10.516844	97.216378
32	-13	10.652452	97.233935
32	-12	10.778015	97.251492
32	-11	10.893532	97.269049
32	-10	10.999005	97.286606
32	-9	11.094433	97.304164
32	-8	11.179815	97.321721
32	-7	11.255153	97.339278
32	-6	11.320445	97.356835
32	-5	11.375693	97.374392
32	-4	11.420896	97.391950
32	-3	11.456053	97.409507
32	-2	11.481166	97.427064
32	-1	11.496233	97.444621
32	0	11.501256	97.462178
32	1	11.496233	97.479736
32	2	11.481166	97.497293
32	3	11.456053	97.514850
32	4	11.420896	97.532407
32	5	11.375693	97.549964
32	6	11.320445	97.567522
32	7	11.255153	97.585079
32	8	11.179815	97.602636
32	9	11.094433	97.620193
32	10	10.999005	97.637750
32	11	10.893532	97.655308
32	12	10.778015	97.672865
32	13	10.652452	97.690422
32	14	10.516844	97.707979
32	15	10.371192	97.725536
32	16	10.215494	97.743094
32	17	10.049751	97.760651
32	18	9.873964	97.778208
32	19	9.688131	97.795765
32	20	9.492253	97.813322
32	21	9.286330	97.830880
32	22	9.070362	97.848437
32	23	8.844350	97.865994
32	24	8.608292	97.883551
32	25	8.362189	97.901108
32	26	8.106041	97.918666
32	27	7.839848	97.936223
32	28	7.563611	97.953780
32	29	7.277328	97.971337
32	30	6.981000	97.988895
32	31	6.674627	98.006452
32	32	6.358209	98.024009
34	-34	6.349296	98.035015
34	-33	6.647887	98.046021
34	-32	6.937566	98.057028
34	-31	7.218331	98.068034
34	-30	7.490183	98.079040
34	-29	7.753122	98.090046
34	-28	8.007147	98.101052
34	-27	8.252260	98.112058
34	-26	8.488459	98.123065
34	-25	8.715745	98.134071
34	-24	8.934118	98.145077
34	-23	9.143578	98.156083
34	-22	9.344124	98.167089
34	-21	9.535758	98.178096
34	-20	9.718478	98.189102
34	-19	9.892285	98.200108
34	-18	10.057179	98.211114
34	-17	10.213160	98.222120
34	-16	10.360227	98.233127
34	-15	10.498381	98.244133
34	-14	10.627622	98.255139
34	-13	10.747950	98.266145
34	-12	10.859365	98.277151
34	-11	10.961867	98.288158
34	-10	11.055455	98.299164
34	-9	11.140130	98.310170
34	-8	11.215892	98.321176
34	-7	11.282741	98.332182
34	-6	11.340677	98.343188
34	-5	11.389699	98.354195
34	-4	11.429809	98.365201
34	-3	11.461005	98.376207
34	-2	11.483288	98.387213
34	-1	11.496658	98.398219
34	0	11.501114	98.409226
34	1	11.496658	98.420232
34	2	11.483288	98.431238
34	3	11.461005	98.442244
34	4	11.429809	98.453250
34	5	11.389699	98.464257
34	6	11.340677	98.475263
34	7	11.282741	98.486269
34	8	11.215892	98.497275
34	9	11.140130	98.508281
34	10	11.055455	98.519288
34	11	10.961867	98.530294
34	12	10.859365	98.541300
34	13	10.747950	98.552306
34	14	10.627622	98.563312
34	15	10.498381	98.574319
34	16	10.360227	98.585325
34	17	10.213160	98.596331
34	18	10.057179	98.607337
34	19	9.892285	98.618343
34	20	9.718478	98.629349
34	21	9.535758	98.640356
34	22	9.344124	98.651362
34	23	9.143578	98.662368
34	24	8.934118	98.673374
34	25	8.715745	98.684380
34	26	8.488459	98.695387
34	27	8.252260	98.706393
34	28	8.007147	98.717399
34	29	7.753122	98.728405
34	30	7.490183	98.739411
34	31	7.218331	98.750418
34	32	6.937566	98.761424
34	33	6.647887	98.772430
34	34	6.349296	98.783436
36	-36	6.341333	98.790146
36	-35	6.624000	98.796856
36	-34	6.898704	98.803566
36	-33	7.165446	98.810275
36	-32	7.424225	98.816985
36	-31	7.675042	98.823695
36	-30	7.917897	98.830405
36	-29	8.152789	98.837115
36	-28	8.379718	98.843824
36	-27	8.598685	98.850534
36	-26	8.809690	98.857244
36	-25	9.012732	98.863954
36	-24	9.207812	98.870664
36	-23	9.394930	98.877374
36	-22	9.574085	98.884083
36	-21	9.745277	98.890793
36	-20	9.908507	98.897503
36	-19	10.063775	98.904213
36	-18	10.211080	98.910923
36	-17	10.350423	98.917632
36	-16	10.481803	98.924342
36	-15	10.605221	98.931052
36	-14	10.720676	98.937762
36	-13	10.828169	98.944472
36	-12	10.927700	98.951181
36	-11	11.019268	98.957891
36	-10	11.102873	98.964601
36	-9	11.178516	98.971311
36	-8	11.246197	98.978021
36	-7	11.305915	98.984730
36	-6	11.357671	98.991440
36	-5	11.401465	98.998150
36	-4	11.437296	99.004860
36	-3	11.465164	99.011570
36	-2	11.485070	99.018280
36	-1	11.497014	99.024989
36	0	11.500995	99.031699
36	1	11.497014	99.038409
36	2	11.485070	99.045119
36	3	11.465164	99.051829
36	4	11.437296	99.058538
36	5	11.401465	99.065248
36	6	11.357671	99.071958
36	7	11.305915	99.078668
36	8	11.246197	99.085378
36	9	11.178516	99.092087
36	10	11.102873	99.098797
36	11	11.019268	99.105507
36	12	10.927700	99.112217
36	13	10.828169	99.118927
36	14	10.720676	99.125636
36	15	10.605221	99.132346
36	16	10.481803	99.139056
36	17	10.350423	99.145766
36	18	10.211080	99.152476
36	19	10.063775	99.159186
36	20	9.908507	99.165895
36	21	9.745277	99.172605
36	22	9.574085	99.179315
36	23	9.394930	99.186025
36	24	9.207812	99.192735
36	25	9.012732	99.199444
36	26	8.809690	99.206154
36	27	8.598685	99.212864
36	28	8.379718	99.219574
36	29	8.152789	99.226284
36	30	7.917897	99.232993
36	31	7.675042	99.239703
36	32	7.424225	99.246413
36	33	7.165446	99.253123
36	34	6.898704	99.259833
36	35	6.624000	99.266543
36	36	6.341333	99.273252
38	-38	6.334177	99.277230
38	-37	6.602532	99.281209
38	-36	6.863730	99.285187
38	-35	7.117772	99.289165
38	-34	7.364658	99.293143
38	-33	7.604388	99.297121
38	-32	7.836962	99.301099
38	-31	8.062380	99.305077
38	-30	8.280641	99.309055
38	-29	8.491747	99.313033
38	-28	8.695696	99.317011
38	-27	8.892489	99.320989
38	-26	9.082127	99.324968
38	-25	9.264608	99.328946
38	-24	9.439932	99.332924
38	-23	9.608101	99.336902
38	-22	9.769114	99.340880
38	-21	9.922970	99.344858
38	-20	10.069671	99.348836
38	-19	10.209215	99.352814
38	-18	10.341603	99.356792
38	-17	10.466835	99.360770
38	-16	10.584911	99.364748
38	-15	10.695831	99.368727
38	-14	10.799595	99.372705
38	-13	10.896203	99.376683
38	-12	10.985654	99.380661
38	-11	11.067949	99.384639
38	-10	11.143089	99.388617
38	-9	11.211072	99.392595
38	-8	11.271899	99.396573
38	-7	11.325570	99.400551
38	-6	11.372084	99.404529
38	-5	11.411443	99.408507
38	-4	11.443646	99.412486
38	-3	11.468692	99.416464
38	-2	11.486582	99.420442
38	-1	11.497316	99.424420
38	0	11.500895	99.428398
38	1	11.497316	99.432376
38	2	11.486582	99.436354
38	3	11.468692	99.440332
38	4	11.443646	99.444310
38	5	11.411443	99.448288
38	6	11.372084	99.452266
38	7	11.325570	99.456245
38	8	11.271899	99.460223
38	9	11.211072	99.464201
38	10	11.143089	99.468179
38	11	11.067949	99.472157
38	12	10.985654	99.476135
38	13	10.896203	99.480113
38	14	10.799595	99.484091
38	15	10.695831	99.488069
38	16	10.584911	99.492047
38	17	10.466835	99.496025
38	18	10.341603	99.500004
38	19	10.209215	99.503982
38	20	10.069671	99.507960
38	21	9.922970	99.511938
38	22	9.769114	99.515916
38	23	9.608101	99.519894
38	24	9.439932	99.523872
38	25	9.264608	99.527850
38	26	9.082127	99.531828
38	27	8.892489	99.535806
38	28	8.695696	99.539784
38	29	8.491747	99.543763
38	30	8.280641	99.547741
38	31	8.062380	99.551719
38	32	7.836962	99.555697
38	33	7.604388	99.559675
38	34	7.364658	99.563653
38	35	7.117772	99.567631
38	36	6.863730	99.571609
38	37	6.602532	99.575587
38	38	6.334177	99.579565
40	-40	6.327711	99.581859
40	-39	6.583133	99.584153
40	-38	6.832088	99.586446
40	-37	7.074577	99.588740
40	-36	7.310599	99.591034
40	-35	7.540156	99.593327
40	-34	7.763245	99.595621
40	-33	7.979869	99.597915
40	-32	8.190026	99.600208
40	-31	8.393717	99.602502
40	-30	8.590941	99.604796
40	-29	8.781699	99.607089
40	-28	8.965991	99.609383
40	-27	9.143816	99.611677
40	-26	9.315175	99.613970
40	-25	9.480067	99.616264
40	-24	9.638493	99.618558
40	-23	9.790453	99.620851
40	-22	9.935946	99.623145
40	-21	10.074973	99.625439
40	-20	10.207534	99.627732
40	-19	10.333628	99.630026
40	-18	10.453256	99.632320
40	-17	10.566418	99.634613
40	-16	10.673113	99.636907
40	-15	10.773341	99.639201
40	-14	10.867104	99.641494
40	-13	10.954400	99.643788
40	-12	11.035230	99.646082
40	-11	11.109593	99.648376
40	-10	11.177490	99.650669
40	-9	11.238920	99.652963
40	-8	11.293884	99.655257
40	-7	11.342382	99.657550
40	-6	11.384414	99.659844
40	-5	11.419979	99.662138
40	-4	11.449077	99.664431
40	-3	11.471710	99.666725
40	-2	11.487876	99.669019
40	-1	11.497575	99.671312
40	0	11.500808	99.673606
40	1	11.497575	99.675900
40	2	11.487876	99.678193
40	3	11.471710	99.680487
40	4	11.449077	99.682781
40	5	11.419979	99.685074
40	6	11.384414	99.687368
40	7	11.342382	99.689662
40	8	11.293884	99.691955
40	9	11.238920	99.694249
40	10	11.177490	99.696543
40	11	11.109593	99.698836
40	12	11.035230	99.701130
40	13	10.954400	99.703424
40	14	10.867104	99.705717
40	15	10.773341	99.708011
40	16	10.673113	99.710305
40	17	10.566418	99.712598
40	18	10.453256	99.714892
40	19	10.333628	99.717186
40	20	10.207534	99.719479
40	21	10.074973	99.721773
40	22	9.935946	99.724067
40	23	9.790453	99.726360
40	24	9.638493	99.728654
40	25	9.480067	99.730948
40	26	9.315175	99.733241
40	27	9.143816	99.735535
40	28	8.965991	99.737829
40	29	8.781699	99.740122
40	30	8.590941	99.742416
40	31	8.393717	99.744710
40	32	8.190026	99.747003
40	33	7.979869	99.749297
40	34	7.763245	99.751591
40	35	7.540156	99.753884
40	36	7.310599	99.756178
40	37	7.074577	99.758472
40	38	6.832088	99.760765
40	39	6.583133	99.763059
40	40	6.327711	99.765353
42	-42	6.321839	99.766639
42	-41	6.565517	99.767925
42	-40	6.803324	99.769211
42	-39	7.035258	99.770497
42	-38	7.261321	99.771783
42	-37	7.481512	99.773069
42	-36	7.695832	99.774355
42	-35	7.904279	99.775642
42	-34	8.106855	99.776928
42	-33	8.303559	99.778214
42	-32	8.494391	99.779500
42	-31	8.679352	99.780786
42	-30	8.858441	99.782072
42	-29	9.031658	99.783358
42	-28	9.199003	99.784644
42	-27	9.360476	99.785930
42	-26	9.516078	99.787217
42	-25	9.665808	99.788503
42	-24	9.809666	99.789789
42	-23	9.947653	99.791075
42	-22	10.079767	99.792361
42	-21	10.206010	99.793647
42	-20	10.326381	99.794933
42	-19	10.440881	99.796219
42	-18	10.549508	99.797505
42	-17	10.652264	99.798792
42	-16	10.749148	99.800078
42	-15	10.840161	99.801364
42	-14	10.925301	99.802650
42	-13	11.004570	99.803936
42	-12	11.077967	99.805222
42	-11	11.145492	99.806508
42	-10	11.207146	99.807794
42	-9	11.262928	99.809080
42	-8	11.312838	99.810367
42	-7	11.356876	99.811653
42	-6	11.395042	99.812939
42	-5	11.427337	99.814225
42	-4	11.453760	99.815511
42	-3	11.474311	99.816797
42	-2	11.488990	99.818083
42	-1	11.497798	99.819369
42	0	11.500734	99.820655
42	1	11.497798	99.821942
42	2	11.488990	99.823228
42	3	11.474311	99.824514
42	4	11.453760	99.825800
42	5	11.427337	99.827086
42	6	11.395042	99.828372
42	7	11.356876	99.829658
42	8	11.312838	99.830944
42	9	11.262928	99.832230
42	10	11.207146	99.833517
42	11	11.145492	99.834803
42	12	11.077967	99.836089
42	13	11.004570	99.837375
42	14	10.925301	99.838661
42	15	10.840161	99.839947
42	16	10.749148	99.841233
42	17	10.652264	99.842519
42	18	10.549508	99.843805
42	19	10.440881	99.845092
42	20	10.326381	99.846378
42	21	10.206010	99.847664
42	22	10.079767	99.848950
42	23	9.947653	99.850236
42	24	9.809666	99.851522
42	25	9.665808	99.852808
42	26	9.516078	99.854094
42	27	9.360476	99.855380
42	28	9.199003	99.856667
42	29	9.031658	99.857953
42	30	8.858441	99.859239
42	31	8.679352	99.860525
42	32	8.494391	99.861811
42	33	8.303559	99.863097
42	34	8.106855	99.864383
42	35	7.904279	99.865669
42	36	7.695832	99.866955
42	37	7.481512	99.868242
42	38	7.261321	99.869528
42	39	7.035258	99.870814
42	40	6.803324	99.872100
42	41	6.565517	99.873386
42	42	6.321839	99.874672
44	-44	6.316484	99.875373
44	-43	6.549451	99.876075
44	-42	6.777062	99.876776
44	-41	6.999318	99.877477
44	-40	7.216218	99.878179
44	-39	7.427763	99.878880
44	-38	7.633952	99.879581
44	-37	7.834786	99.880283
44	-36	8.030264	99.880984
44	-35	8.220387	99.881685
44	-34	8.405153	99.882387
44	-33	8.584565	99.883088
44	-32	8.758621	99.883789
44	-31	8.927321	99.884491
44	-30	9.090666	99.885192
44	-29	9.248655	99.885893
44	-28	9.401288	99.886595
44	-27	9.548566	99.887296
44	-26	9.690489	99.887997
44	-25	9.827056	99.888699
44	-24	9.958267	99.889400
44	-23	10.084123	99.890101
44	-22	10.204623	99.890802
44	-21	10.319768	99.891504
44	-20	10.429557	99.892205
44	-19	10.533990	99.892906
44	-18	10.633068	99.893608
44	-17	10.726790	99.894309
44	-16	10.815157	99.895010
44	-15	10.898168	99.895712
44	-14	10.975824	99.896413
44	-13	11.048124	99.897114
44	-12	11.115069	99.897816
44	-11	11.176658	99.898517
44	-10	11.232891	99.899218
44	-9	11.283769	99.899920
44	-8	11.329291	99.900621
44	-7	11.369458	99.901322
44	-6	11.404269	99.902024
44	-5	11.433725	99.902725
44	-4	11.457825	99.903426
44	-3	11.476569	99.904128
44	-2	11.489958	99.904829
44	-1	11.497992	99.905530
44	0	11.500669	99.906232
44	1	11.497992	99.906933
44	2	11.489958	99.907634
44	3	11.476569	99.908336
44	4	11.457825	99.909037
44	5	11.433725	99.909738
44	6	11.404269	99.910439
44	7	11.369458	99.911141
44	8	11.329291	99.911842
44	9	11.283769	99.912543
44	10	11.232891	99.913245
44	11	11.176658	99.913946
44	12	11.115069	99.914647
44	13	11.048124	99.915349
44	14	10.975824	99.916050
44	15	10.898168	99.916751
44	16	10.815157	99.917453
44	17	10.726790	99.918154
44	18	10.633068	99.918855
44	19	10.533990	99.919557
44	20	10.429557	99.920258
44	21	10.319768	99.920959
44	22	10.204623	99.921661
44	23	10.084123	99.922362
44	24	9.958267	99.923063
44	25	9.827056	99.923765
44	26	9.690489	99.924466
44	27	9.548566	99.925167
44	28	9.401288	99.925869
44	29	9.248655	99.926570
44	30	9.090666	99.927271
44	31	8.927321	99.927973
44	32	8.758621	99.928674
44	33	8.584565	99.929375
44	34	8.405153	99.930076
44	35	8.220387	99.930778
44	36	8.030264	99.931479
44	37	7.834786	99.932180
44	38	7.633952	99.932882
44	39	7.427763	99.933583
44	40	7.216218	99.934284
44	41	6.999318	99.934986
44	42	6.777062	99.935687
44	43	6.549451	99.936388
44	44	6.316484	99.937090
46	-46	6.311579	99.937462
46	-45	6.534737	99.937834
46	-44	6.752990	99.938205
46	-43	6.966339	99.938577
46	-42	7.174783	99.938949
46	-41	7.378323	99.939321
46	-40	7.576958	99.939693
46	-39	7.770688	99.940065
46	-38	7.959514	99.940437
46	-37	8.143436	99.940809
46	-36	8.322452	99.941181
46	-35	8.496564	99.941553
46	-34	8.665772	99.941925
46	-33	8.830075	99.942297
46	-32	8.989474	99.942668
46	-31	9.143968	99.943040
46	-30	9.293557	99.943412
46	-29	9.438242	99.943784
46	-28	9.578022	99.944156
46	-27	9.712898	99.944528
46	-26	9.842869	99.944900
46	-25	9.967935	99.945272
46	-24	10.088097	99.945644
46	-23	10.203355	99.946016
46	-22	10.313707	99.946388
46	-21	10.419156	99.946760
46	-20	10.519699	99.947132
46	-19	10.615338	99.947503
46	-18	10.706073	99.947875
46	-17	10.791903	99.948247
46	-16	10.872828	99.948619
46	-15	10.948849	99.948991
46	-14	11.019965	99.949363
46	-13	11.086177	99.949735
46	-12	11.147484	99.950107
46	-11	11.203887	99.950479
46	-10	11.255385	99.950851
46	-9	11.301978	99.951223
46	-8	11.343667	99.951595
46	-7	11.380451	99.951966
46	-6	11.412331	99.952338
46	-5	11.439306	99.952710
46	-4	11.461377	99.953082
46	-3	11.478543	99.953454
46	-2	11.490804	99.953826
46	-1	11.498161	99.954198
46	0	11.500613	99.954570
46	1	11.498161	99.954942
46	2	11.490804	99.955314
46	3	11.478543	99.955686
46	4	11.461377	99.956058
46	5	11.439306	99.956429
46	6	11.412331	99.956801
46	7	11.380451	99.957173
46	8	11.343667	99.957545
46	9	11.301978	99.957917
46	10	11.255385	99.958289
46	11	11.203887	99.958661
46	12	11.147484	99.959033
46	13	11.086177	99.959405
46	14	11.019965	99.959777
46	15	10.948849	99.960149
46	16	10.872828	99.960521
46	17	10.791903	99.960892
46	18	10.706073	99.961264
46	19	10.615338	99.961636
46	20	10.519699	99.962008
46	21	10.419156	99.962380
46	22	10.313707	99.962752
46	23	10.203355	99.963124
46	24	10.088097	99.963496
46	25	9.967935	99.963868
46	26	9.842869	99.964240
46	27	9.712898	99.964612
46	28	9.578022	99.964984
46	29	9.438242	99.965356
46	30	9.293557	99.965727
46	31	9.143968	99.966099
46	32	8.989474	99.966471
46	33	8.830075	99.966843
46	34	8.665772	99.967215
46	35	8.496564	99.967587
46	36	8.322452	99.967959
46	37	8.143436	99.968331
46	38	7.959514	99.968703
46	39	7.770688	99.969075
46	40	7.576958	99.969447
46	41	7.378323	99.969819
46	42	7.174783	99.970190
46	43	6.966339	99.970562
46	44	6.752990	99.970934
46	45	6.534737	99.971306
46	46	6.311579	99.971678
48	-48	6.307071	99.971870
48	-47	6.521212	99.972062
48	-46	6.730845	99.972254
48	-45	6.935970	99.972445
48	-44	7.136587	99.972637
48	-43	7.332695	99.972829
48	-42	7.524296	99.973021
48	-41	7.711388	99.973213
48	-40	7.893971	99.973404
48	-39	8.072047	99.973596
48	-38	8.245614	99.973788
48	-37	8.414673	99.973980
48	-36	8.579224	99.974172
48	-35	8.739266	99.974363
48	-34	8.894801	99.974555
48	-33	9.045827	99.974747
48	-32	9.192344	99.974939
48	-31	9.334354	99.975131
48	-30	9.471855	99.975323
48	-29	9.604848	99.975514
48	-28	9.733333	99.975706
48	-27	9.857310	99.975898
48	-26	9.976778	99.976090
48	-25	10.091738	99.976282
48	-24	10.202190	99.976473
48	-23	10.308134	99.976665
48	-22	10.409569	99.976857
48	-21	10.506497	99.977049
48	-20	10.598915	99.977241
48	-19	10.686826	99.977432
48	-18	10.770229	99.977624
48	-17	10.849123	99.977816
48	-16	10.923509	99.978008
48	-15	10.993386	99.978200
48	-14	11.058756	99.978391
48	-13	11.119617	99.978583
48	-12	11.175970	99.978775
48	-11	11.227815	99.978967
48	-10	11.275152	99.979159
48	-9	11.317980	99.979351
48	-8	11.356300	99.979542
48	-7	11.390112	99.979734
48	-6	11.419415	99.979926
48	-5	11.444211	99.980118
48	-4	11.464498	99.980310
48	-3	11.480276	99.980501
48	-2	11.491547	99.980693
48	-1	11.498309	99.980885
48	0	11.500564	99.981077
48	1	11.498309	99.981269
48	2	11.491547	99.981460
48	3	11.480276	99.981652
48	4	11.464498	99.981844
48	5	11.444211	99.982036
48	6	11.419415	99.982228
48	7	11.390112	99.982419
48	8	11.356300	99.982611
48	9	11.317980	99.982803
48	10	11.275152	99.982995
48	11	11.227815	99.983187
48	12	11.175970	99.983378
48	13	11.119617	99.983570
48	14	11.058756	99.983762
48	15	10.993386	99.983954
48	16	10.923509	99.984146
48	17	10.849123	99.984338
48	18	10.770229	99.984529
48	19	10.686826	99.984721
48	20	10.598915	99.984913
48	21	10.506497	99.985105
48	22	10.409569	99.985297
48	23	10.308134	99.985488
48	24	10.202190	99.985680
48	25	10.091738	99.985872
48	26	9.976778	99.986064
48	27	9.857310	99.986256
48	28	9.733333	99.986447
48	29	9.604848	99.986639
48	30	9.471855	99.986831
48	31	9.334354	99.987023
48	32	9.192344	99.987215
48	33	9.045827	99.987406
48	34	8.894801	99.987598
48	35	8.739266	99.987790
48	36	8.579224	99.987982
48	37	8.414673	99.988174
48	38	8.245614	99.988366
48	39	8.072047	99.988557
48	40	7.893971	99.988749
48	41	7.711388	99.988941
48	42	7.524296	99.989133
48	43	7.332695	99.989325
48	44	7.136587	99.989516
48	45	6.935970	99.989708
48	46	6.730845	99.989900
48	47	6.521212	99.990092
48	48	6.307071	99.990284
50	-50	6.302913	99.990380
50	-49	6.508738	99.990476
50	-48	6.710405	99.990572
50	-47	6.907914	99.990668
50	-46	7.101265	99.990765
50	-45	7.290458	99.990861
50	-44	7.475493	99.990957
50	-43	7.656370	99.991053
50	-42	7.833088	99.991149
50	-41	8.005649	99.991246
50	-40	8.174051	99.991342
50	-39	8.338296	99.991438
50	-38	8.498382	99.991534
50	-37	8.654310	99.991630
50	-36	8.806080	99.991727
50	-35	8.953692	99.991823
50	-34	9.097146	99.991919
50	-33	9.236442	99.992015
50	-32	9.371580	99.992111
50	-31	9.502560	99.992208
50	-30	9.629381	99.992304
50	-29	9.752045	99.992400
50	-28	9.870550	99.992496
50	-27	9.984898	99.992592
50	-26	10.095087	99.992689
50	-25	10.201118	99.992785
50	-24	10.302991	99.992881
50	-23	10.400706	99.992977
50	-22	10.494263	99.993073
50	-21	10.583662	99.993170
50	-20	10.668903	99.993266
50	-19	10.749985	99.993362
50	-18	10.826910	99.993458
50	-17	10.899676	99.993554
50	-16	10.968285	99.993651
50	-15	11.032735	99.993747
50	-14	11.093027	99.993843
50	-13	11.149162	99.993939
50	-12	11.201138	99.994035
50	-11	11.248956	99.994132
50	-10	11.292615	99.994228
50	-9	11.332117	99.994324
50	-8	11.367461	99.994420
50	-7	11.398647	99.994517
50	-6	11.425674	99.994613
50	-5	11.448544	99.994709
50	-4	11.467255	99.994805
50	-3	11.481808	99.994901
50	-2	11.492204	99.994998
50	-1	11.498441	99.995094
50	0	11.500520	99.995190
50	1	11.498441	99.995286
50	2	11.492204	99.995382
50	3	11.481808	99.995479
50	4	11.467255	99.995575
50	5	11.448544	99.995671
50	6	11.425674	99.995767
50	7	11.398647	99.995863
50	8	11.367461	99.995960
50	9	11.332117	99.996056
50	10	11.292615	99.996152
50	11	11.248956	99.996248
50	12	11.201138	99.996344
50	13	11.149162	99.996441
50	14	11.093027	99.996537
50	15	11.032735	99.996633
50	16	10.968285	99.996729
50	17	10.899676	99.996825
50	18	10.826910	99.996922
50	19	10.749985	99.997018
50	20	10.668903	99.997114
50	21	10.583662	99.997210
50	22	10.494263	99.997306
50	23	10.400706	99.997403
50	24	10.302991	99.997499
50	25	10.201118	99.997595
50	26	10.095087	99.997691
50	27	9.984898	99.997787
50	28	9.870550	99.997884
50	29	9.752045	99.997980
50	30	9.629381	99.998076
50	31	9.502560	99.998172
50	32	9.371580	99.998268
50	33	9.236442	99.998365
50	34	9.097146	99.998461
50	35	8.953692	99.998557
50	36	8.806080	99.998653
50	37	8.654310	99.998749
50	38	8.498382	99.998846
50	39	8.338296	99.998942
50	40	8.174051	99.999038
50	41	8.005649	99.999134
50	42	7.833088	99.999230
50	43	7.656370	99.999327
50	44	7.475493	99.999423
50	45	7.290458	99.999519
50	46	7.101265	99.999615
50	47	6.907914	99.999711
50	48	6.710405	99.999808
50	49	6.508738	99.999904
50	50	6.302913	100.000000
