0	0	9.733333	0.179157
2	-2	7.714286	0.357473
2	-1	10.742857	0.535789
2	0	11.752381	0.714105
2	1	10.742857	0.892420
2	2	7.714286	1.070736
4	-4	7.163636	1.247105
4	-3	9.090909	1.423474
4	-2	10.467532	1.599843
4	-1	11.293506	1.776212
4	0	11.568831	1.952581
4	1	11.293506	2.128951
4	2	10.467532	2.305320
4	3	9.090909	2.481689
4	4	7.163636	2.658058
6	-6	6.906667	2.831410
6	-5	8.320000	3.004763
6	-4	9.476364	3.178115
6	-3	10.375758	3.351468
6	-2	11.018182	3.524820
6	-1	11.403636	3.698173
6	0	11.532121	3.871525
6	1	11.403636	4.044878
6	2	11.018182	4.218230
6	3	10.375758	4.391583
6	4	9.476364	4.564935
6	5	8.320000	4.738288
6	6	6.906667	4.911640
8	-8	6.757895	5.080962
8	-7	7.873684	5.250285
8	-6	8.840702	5.419607
8	-5	9.658947	5.588929
8	-4	10.328421	5.758251
8	-3	10.849123	5.927573
8	-2	11.221053	6.096895
8	-1	11.444211	6.266217
8	0	11.518596	6.435539
8	1	11.444211	6.604861
8	2	11.221053	6.774183
8	3	10.849123	6.943505
8	4	10.328421	7.112827
8	5	9.658947	7.282149
8	6	8.840702	7.451471
8	7	7.873684	7.620794
8	8	6.757895	7.790116
10	-10	6.660870	7.954467
10	-9	7.582609	8.118818
10	-8	8.407323	8.283169
10	-7	9.135011	8.447520
10	-6	9.765675	8.611871
10	-5	10.299314	8.776222
10	-4	10.735927	8.940573
10	-3	11.075515	9.104924
10	-2	11.318078	9.269275
10	-1	11.463616	9.433626
10	0	11.512128	9.597977
10	1	11.463616	9.762328
10	2	11.318078	9.926680
10	3	11.075515	10.091031
10	4	10.735927	10.255382
10	5	10.299314	10.419733
10	6	9.765675	10.584084
10	7	9.135011	10.748435
10	8	8.407323	10.912786
10	9	7.582609	11.077137
10	10	6.660870	11.241488
12	-12	6.592593	11.400017
12	-11	7.377778	11.558545
12	-10	8.094686	11.717073
12	-9	8.743317	11.875602
12	-8	9.323671	12.034130
12	-7	9.835749	12.192659
12	-6	10.279549	12.351187
12	-5	10.655072	12.509715
12	-4	10.962319	12.668244
12	-3	11.201288	12.826772
12	-2	11.371981	12.985301
12	-1	11.474396	13.143829
12	0	11.508535	13.302358
12	1	11.474396	13.460886
12	2	11.371981	13.619414
12	3	11.201288	13.777943
12	4	10.962319	13.936471
12	5	10.655072	14.095000
12	6	10.279549	14.253528
12	7	9.835749	14.412056
12	8	9.323671	14.570585
12	9	8.743317	14.729113
12	10	8.094686	14.887642
12	11	7.377778	15.046170
12	12	6.592593	15.204698
14	-14	6.541935	15.356654
14	-13	7.225806	15.508610
14	-12	7.859020	15.660566
14	-11	8.441577	15.812522
14	-10	8.973477	15.964477
14	-9	9.454719	16.116433
14	-8	9.885305	16.268389
14	-7	10.265233	16.420345
14	-6	10.594504	16.572301
14	-5	10.873118	16.724256
14	-4	11.101075	16.876212
14	-3	11.278375	17.028168
14	-2	11.405018	17.180124
14	-1	11.481004	17.332079
14	0	11.506332	17.484035
14	1	11.481004	17.635991
14	2	11.405018	17.787947
14	3	11.278375	17.939903
14	4	11.101075	18.091858
14	5	10.873118	18.243814
14	6	10.594504	18.395770
14	7	10.265233	18.547726
14	8	9.885305	18.699682
14	9	9.454719	18.851637
14	10	8.973477	19.003593
14	11	8.441577	19.155549
14	12	7.859020	19.307505
14	13	7.225806	19.459460
14	14	6.541935	19.611416
16	-16	6.502857	19.756161
16	-15	7.108571	19.900906
16	-14	7.675207	20.045651
16	-13	8.202765	20.190395
16	-12	8.691244	20.335140
16	-11	9.140645	20.479885
16	-10	9.550968	20.624630
16	-9	9.922212	20.769375
16	-8	10.254378	20.914119
16	-7	10.547465	21.058864
16	-6	10.801475	21.203609
16	-5	11.016406	21.348354
16	-4	11.192258	21.493099
16	-3	11.329032	21.637843
16	-2	11.426728	21.782588
16	-1	11.485346	21.927333
16	0	11.504885	22.072078
16	1	11.485346	22.216822
16	2	11.426728	22.361567
16	3	11.329032	22.506312
16	4	11.192258	22.651057
16	5	11.016406	22.795802
16	6	10.801475	22.940546
16	7	10.547465	23.085291
16	8	10.254378	23.230036
16	9	9.922212	23.374781
16	10	9.550968	23.519526
16	11	9.140645	23.664270
16	12	8.691244	23.809015
16	13	8.202765	23.953760
16	14	7.675207	24.098505
16	15	7.108571	24.243250
16	16	6.502857	24.387994
18	-18	6.471795	24.525008
18	-17	7.015385	24.662022
18	-16	7.527912	24.799036
18	-15	8.009377	24.936049
18	-14	8.459780	25.073063
18	-13	8.879121	25.210077
18	-12	9.267399	25.347091
18	-11	9.624615	25.484105
18	-10	9.950769	25.621118
18	-9	10.245861	25.758132
18	-8	10.509890	25.895146
18	-7	10.742857	26.032160
18	-6	10.944762	26.169173
18	-5	11.115604	26.306187
18	-4	11.255385	26.443201
18	-3	11.364103	26.580215
18	-2	11.441758	26.717229
18	-1	11.488352	26.854242
18	0	11.503883	26.991256
18	1	11.488352	27.128270
18	2	11.441758	27.265284
18	3	11.364103	27.402297
18	4	11.255385	27.539311
18	5	11.115604	27.676325
18	6	10.944762	27.813339
18	7	10.742857	27.950353
18	8	10.509890	28.087366
18	9	10.245861	28.224380
18	10	9.950769	28.361394
18	11	9.624615	28.498408
18	12	9.267399	28.635421
18	13	8.879121	28.772435
18	14	8.459780	28.909449
18	15	8.009377	29.046463
18	16	7.527912	29.183476
18	17	7.015385	29.320490
18	18	6.471795	29.457504
20	-20	6.446512	29.586389
20	-19	6.939535	29.715273
20	-18	7.407275	29.844158
20	-17	7.849732	29.973043
20	-16	8.266905	30.101927
20	-15	8.658795	30.230812
20	-14	9.025403	30.359696
20	-13	9.366726	30.488581
20	-12	9.682767	30.617466
20	-11	9.973524	30.746350
20	-10	10.238998	30.875235
20	-9	10.479189	31.004119
20	-8	10.694097	31.133004
20	-7	10.883721	31.261889
20	-6	11.048062	31.390773
20	-5	11.187120	31.519658
20	-4	11.300894	31.648543
20	-3	11.389386	31.777427
20	-2	11.452594	31.906312
20	-1	11.490519	32.035196
20	0	11.503160	32.164081
20	1	11.490519	32.292966
20	2	11.452594	32.421850
20	3	11.389386	32.550735
20	4	11.300894	32.679620
20	5	11.187120	32.808504
20	6	11.048062	32.937389
20	7	10.883721	33.066273
20	8	10.694097	33.195158
20	9	10.479189	33.324043
20	10	10.238998	33.452927
20	11	9.973524	33.581812
20	12	9.682767	33.710696
20	13	9.366726	33.839581
20	14	9.025403	33.968466
20	15	8.658795	34.097350
20	16	8.266905	34.226235
20	17	7.849732	34.355120
20	18	7.407275	34.484004
20	19	6.939535	34.612889
20	20	6.446512	34.741773
22	-22	6.425532	34.862253
22	-21	6.876596	34.982733
22	-20	7.306680	35.103212
22	-19	7.715784	35.223692
22	-18	8.103909	35.344171
22	-17	8.471054	35.464651
22	-16	8.817219	35.585131
22	-15	9.142405	35.705610
22	-14	9.446611	35.826090
22	-13	9.729837	35.946569
22	-12	9.992083	36.067049
22	-11	10.233350	36.187529
22	-10	10.453637	36.308008
22	-9	10.652944	36.428488
22	-8	10.831272	36.548967
22	-7	10.988619	36.669447
22	-6	11.124988	36.789927
22	-5	11.240376	36.910406
22	-4	11.334785	37.030886
22	-3	11.408214	37.151365
22	-2	11.460663	37.271845
22	-1	11.492133	37.392325
22	0	11.502622	37.512804
22	1	11.492133	37.633284
22	2	11.460663	37.753763
22	3	11.408214	37.874243
22	4	11.334785	37.994723
22	5	11.240376	38.115202
22	6	11.124988	38.235682
22	7	10.988619	38.356161
22	8	10.831272	38.476641
22	9	10.652944	38.597121
22	10	10.453637	38.717600
22	11	10.233350	38.838080
22	12	9.992083	38.958559
22	13	9.729837	39.079039
22	14	9.446611	39.199519
22	15	9.142405	39.319998
22	16	8.817219	39.440478
22	17	8.471054	39.560957
22	18	8.103909	39.681437
22	19	7.715784	39.801917
22	20	7.306680	39.922396
22	21	6.876596	40.042876
22	22	6.425532	40.163355
24	-24	6.407843	40.275274
24	-23	6.823529	40.387192
24	-22	7.221527	40.499111
24	-21	7.601836	40.611029
24	-20	7.964456	40.722948
24	-19	8.309387	40.834866
24	-18	8.636629	40.946784
24	-17	8.946183	41.058703
24	-16	9.238048	41.170621
24	-15	9.512224	41.282540
24	-14	9.768711	41.394458
24	-13	10.007509	41.506376
24	-12	10.228619	41.618295
24	-11	10.432040	41.730213
24	-10	10.617772	41.842132
24	-9	10.785816	41.954050
24	-8	10.936170	42.065968
24	-7	11.068836	42.177887
24	-6	11.183813	42.289805
24	-5	11.281101	42.401724
24	-4	11.360701	42.513642
24	-3	11.422612	42.625560
24	-2	11.466834	42.737479
24	-1	11.493367	42.849397
24	0	11.502211	42.961316
24	1	11.493367	43.073234
24	2	11.466834	43.185153
24	3	11.422612	43.297071
24	4	11.360701	43.408989
24	5	11.281101	43.520908
24	6	11.183813	43.632826
24	7	11.068836	43.744745
24	8	10.936170	43.856663
24	9	10.785816	43.968581
24	10	10.617772	44.080500
24	11	10.432040	44.192418
24	12	10.228619	44.304337
24	13	10.007509	44.416255
24	14	9.768711	44.528173
24	15	9.512224	44.640092
24	16	9.238048	44.752010
24	17	8.946183	44.863929
24	18	8.636629	44.975847
24	19	8.309387	45.087766
24	20	7.964456	45.199684
24	21	7.601836	45.311602
24	22	7.221527	45.423521
24	23	6.823529	45.535439
24	24	6.407843	45.647358
26	-26	6.392727	45.750673
26	-25	6.778182	45.853988
26	-24	7.148520	45.957304
26	-23	7.503743	46.060619
26	-22	7.843850	46.163935
26	-21	8.168841	46.267250
26	-20	8.478717	46.370565
26	-19	8.773476	46.473881
26	-18	9.053119	46.577196
26	-17	9.317647	46.680512
26	-16	9.567059	46.783827
26	-15	9.801355	46.887143
26	-14	10.020535	46.990458
26	-13	10.224599	47.093773
26	-12	10.413547	47.197089
26	-11	10.587380	47.300404
26	-10	10.746096	47.403720
26	-9	10.889697	47.507035
26	-8	11.018182	47.610350
26	-7	11.131551	47.713666
26	-6	11.229804	47.816981
26	-5	11.312941	47.920297
26	-4	11.380963	48.023612
26	-3	11.433868	48.126927
26	-2	11.471658	48.230243
26	-1	11.494332	48.333558
26	0	11.501889	48.436874
26	1	11.494332	48.540189
26	2	11.471658	48.643505
26	3	11.433868	48.746820
26	4	11.380963	48.850135
26	5	11.312941	48.953451
26	6	11.229804	49.056766
26	7	11.131551	49.160082
26	8	11.018182	49.263397
26	9	10.889697	49.366712
26	10	10.746096	49.470028
26	11	10.587380	49.573343
26	12	10.413547	49.676659
26	13	10.224599	49.779974
26	14	10.020535	49.883289
26	15	9.801355	49.986605
26	16	9.567059	50.089920
26	17	9.317647	50.193236
26	18	9.053119	50.296551
26	19	8.773476	50.399867
26	20	8.478717	50.503182
26	21	8.168841	50.606497
26	22	7.843850	50.709813
26	23	7.503743	50.813128
26	24	7.148520	50.916444
26	25	6.778182	51.019759
26	26	6.392727	51.123074
28	-28	6.379661	51.217852
28	-27	6.738983	51.312629
28	-26	7.085239	51.407406
28	-25	7.418428	51.502184
28	-24	7.738552	51.596961
28	-23	8.045609	51.691738
28	-22	8.339599	51.786515
28	-21	8.620524	51.881293
28	-20	8.888382	51.976070
28	-19	9.143174	52.070847
28	-18	9.384900	52.165625
28	-17	9.613559	52.260402
28	-16	9.829153	52.355179
28	-15	10.031680	52.449956
28	-14	10.221140	52.544734
28	-13	10.397535	52.639511
28	-12	10.560863	52.734288
28	-11	10.711125	52.829066
28	-10	10.848320	52.923843
28	-9	10.972450	53.018620
28	-8	11.083513	53.113397
28	-7	11.181510	53.208175
28	-6	11.266441	53.302952
28	-5	11.338305	53.397729
28	-4	11.397103	53.492507
28	-3	11.442835	53.587284
28	-2	11.475501	53.682061
28	-1	11.495100	53.776838
28	0	11.501633	53.871616
28	1	11.495100	53.966393
28	2	11.475501	54.061170
28	3	11.442835	54.155948
28	4	11.397103	54.250725
28	5	11.338305	54.345502
28	6	11.266441	54.440280
28	7	11.181510	54.535057
28	8	11.083513	54.629834
28	9	10.972450	54.724611
28	10	10.848320	54.819389
28	11	10.711125	54.914166
28	12	10.560863	55.008943
28	13	10.397535	55.103721
28	14	10.221140	55.198498
28	15	10.031680	55.293275
28	16	9.829153	55.388052
28	17	9.613559	55.482830
28	18	9.384900	55.577607
28	19	9.143174	55.672384
28	20	8.888382	55.767162
28	21	8.620524	55.861939
28	22	8.339599	55.956716
28	23	8.045609	56.051493
28	24	7.738552	56.146271
28	25	7.418428	56.241048
28	26	7.085239	56.335825
28	27	6.738983	56.430603
28	28	6.379661	56.525380
30	-30	6.368254	56.611781
30	-29	6.704762	56.698182
30	-28	7.029863	56.784583
30	-27	7.343557	56.870984
30	-26	7.645843	56.957385
30	-25	7.936723	57.043786
30	-24	8.216196	57.130187
30	-23	8.484262	57.216588
30	-22	8.740920	57.302989
30	-21	8.986172	57.389390
30	-20	9.220016	57.475791
30	-19	9.442454	57.562192
30	-18	9.653484	57.648593
30	-17	9.853107	57.734995
30	-16	10.041324	57.821396
30	-15	10.218133	57.907797
30	-14	10.383535	57.994198
30	-13	10.537530	58.080599
30	-12	10.680118	58.167000
30	-11	10.811299	58.253401
30	-10	10.931073	58.339802
30	-9	11.039440	58.426203
30	-8	11.136400	58.512604
30	-7	11.221953	58.599005
30	-6	11.296099	58.685406
30	-5	11.358838	58.771807
30	-4	11.410169	58.858208
30	-3	11.450094	58.944609
30	-2	11.478612	59.031010
30	-1	11.495722	59.117411
30	0	11.501426	59.203812
30	1	11.495722	59.290213
30	2	11.478612	59.376614
30	3	11.450094	59.463015
30	4	11.410169	59.549417
30	5	11.358838	59.635818
30	6	11.296099	59.722219
30	7	11.221953	59.808620
30	8	11.136400	59.895021
30	9	11.039440	59.981422
30	10	10.931073	60.067823
30	11	10.811299	60.154224
30	12	10.680118	60.240625
30	13	10.537530	60.327026
30	14	10.383535	60.413427
30	15	10.218133	60.499828
30	16	10.041324	60.586229
30	17	9.853107	60.672630
30	18	9.653484	60.759031
30	19	9.442454	60.845432
30	20	9.220016	60.931833
30	21	8.986172	61.018234
30	22	8.740920	61.104635
30	23	8.484262	61.191036
30	24	8.216196	61.277437
30	25	7.936723	61.363839
30	26	7.645843	61.450240
30	27	7.343557	61.536641
30	28	7.029863	61.623042
30	29	6.704762	61.709443
30	30	6.368254	61.795844
32	-32	6.358209	61.874116
32	-31	6.674627	61.952389
32	-30	6.981000	62.030661
32	-29	7.277328	62.108934
32	-28	7.563611	62.187206
32	-27	7.839848	62.265479
32	-26	8.106041	62.343751
32	-25	8.362189	62.422024
32	-24	8.608292	62.500296
32	-23	8.844350	62.578569
32	-22	9.070362	62.656841
32	-21	9.286330	62.735114
32	-20	9.492253	62.813387
32	-19	9.688131	62.891659
32	-18	9.873964	62.969932
32	-17	10.049751	63.048204
32	-16	10.215494	63.126477
32	-15	10.371192	63.204749
32	-14	10.516844	63.283022
32	-13	10.652452	63.361294
32	-12	10.778015	63.439567
32	-11	10.893532	63.517839
32	-10	10.999005	63.596112
32	-9	11.094433	63.674384
32	-8	11.179815	63.752657
32	-7	11.255153	63.830929
32	-6	11.320445	63.909202
32	-5	11.375693	63.987474
32	-4	11.420896	64.065747
32	-3	11.456053	64.144019
32	-2	11.481166	64.222292
32	-1	11.496233	64.300564
32	0	11.501256	64.378837
32	1	11.496233	64.457109
32	2	11.481166	64.535382
32	3	11.456053	64.613654
32	4	11.420896	64.691927
32	5	11.375693	64.770200
32	6	11.320445	64.848472
32	7	11.255153	64.926745
32	8	11.179815	65.005017
32	9	11.094433	65.083290
32	10	10.999005	65.161562
32	11	10.893532	65.239835
32	12	10.778015	65.318107
32	13	10.652452	65.396380
32	14	10.516844	65.474652
32	15	10.371192	65.552925
32	16	10.215494	65.631197
32	17	10.049751	65.709470
32	18	9.873964	65.787742
32	19	9.688131	65.866015
32	20	9.492253	65.944287
32	21	9.286330	66.022560
32	22	9.070362	66.100832
32	23	8.844350	66.179105
32	24	8.608292	66.257377
32	25	8.362189	66.335650
32	26	8.106041	66.413922
32	27	7.839848	66.492195
32	28	7.563611	66.570467
32	29	7.277328	66.648740
32	30	6.981000	66.727013
32	31	6.674627	66.805285
32	32	6.358209	66.883558
34	-34	6.349296	66.954023
34	-33	6.647887	67.024488
34	-32	6.937566	67.094953
34	-31	7.218331	67.165419
34	-30	7.490183	67.235884
34	-29	7.753122	67.306349
34	-28	8.007147	67.376815
34	-27	8.252260	67.447280
34	-26	8.488459	67.517745
34	-25	8.715745	67.588210
34	-24	8.934118	67.658676
34	-23	9.143578	67.729141
34	-22	9.344124	67.799606
34	-21	9.535758	67.870072
34	-20	9.718478	67.940537
34	-19	9.892285	68.011002
34	-18	10.057179	68.081467
34	-17	10.213160	68.151933
34	-16	10.360227	68.222398
34	-15	10.498381	68.292863
34	-14	10.627622	68.363329
34	-13	10.747950	68.433794
34	-12	10.859365	68.504259
34	-11	10.961867	68.574724
34	-10	11.055455	68.645190
34	-9	11.140130	68.715655
34	-8	11.215892	68.786120
34	-7	11.282741	68.856586
34	-6	11.340677	68.927051
34	-5	11.389699	68.997516
34	-4	11.429809	69.067981
34	-3	11.461005	69.138447
34	-2	11.483288	69.208912
34	-1	11.496658	69.279377
34	0	11.501114	69.349843
34	1	11.496658	69.420308
34	2	11.483288	69.490773
34	3	11.461005	69.561238
34	4	11.429809	69.631704
34	5	11.389699	69.702169
34	6	11.340677	69.772634
34	7	11.282741	69.843099
34	8	11.215892	69.913565
34	9	11.140130	69.984030
34	10	11.055455	70.054495
34	11	10.961867	70.124961
34	12	10.859365	70.195426
34	13	10.747950	70.265891
34	14	10.627622	70.336356
34	15	10.498381	70.406822
34	16	10.360227	70.477287
34	17	10.213160	70.547752
34	18	10.057179	70.618218
34	19	9.892285	70.688683
34	20	9.718478	70.759148
34	21	9.535758	70.829613
34	22	9.344124	70.900079
34	23	9.143578	70.970544
34	24	8.934118	71.041009
34	25	8.715745	71.111475
34	26	8.488459	71.181940
34	27	8.252260	71.252405
34	28	8.007147	71.322870
34	29	7.753122	71.393336
34	30	7.490183	71.463801
34	31	7.218331	71.534266
34	32	6.937566	71.604732
34	33	6.647887	71.675197
34	34	6.349296	71.745662
36	-36	6.341333	71.808702
36	-35	6.624000	71.871742
36	-34	6.898704	71.934782
36	-33	7.165446	71.997822
36	-32	7.424225	72.060862
36	-31	7.675042	72.123903
36	-30	7.917897	72.186943
36	-29	8.152789	72.249983
36	-28	8.379718	72.313023
36	-27	8.598685	72.376063
36	-26	8.809690	72.439103
36	-25	9.012732	72.502143
36	-24	9.207812	72.565183
36	-23	9.394930	72.628223
36	-22	9.574085	72.691263
36	-21	9.745277	72.754303
36	-20	9.908507	72.817343
36	-19	10.063775	72.880383
36	-18	10.211080	72.943423
36	-17	10.350423	73.006463
36	-16	10.481803	73.069504
36	-15	10.605221	73.132544
36	-14	10.720676	73.195584
36	-13	10.828169	73.258624
36	-12	10.927700	73.321664
36	-11	11.019268	73.384704
36	-10	11.102873	73.447744
36	-9	11.178516	73.510784
36	-8	11.246197	73.573824
36	-7	11.305915	73.636864
36	-6	11.357671	73.699904
36	-5	11.401465	73.762944
36	-4	11.437296	73.825984
36	-3	11.465164	73.889024
36	-2	11.485070	73.952064
36	-1	11.497014	74.015105
36	0	11.500995	74.078145
36	1	11.497014	74.141185
36	2	11.485070	74.204225
36	3	11.465164	74.267265
36	4	11.437296	74.330305
36	5	11.401465	74.393345
36	6	11.357671	74.456385
36	7	11.305915	74.519425
36	8	11.246197	74.582465
36	9	11.178516	74.645505
36	10	11.102873	74.708545
36	11	11.019268	74.771585
36	12	10.927700	74.834625
36	13	10.828169	74.897665
36	14	10.720676	74.960706
36	15	10.605221	75.023746
36	16	10.481803	75.086786
36	17	10.350423	75.149826
36	18	10.211080	75.212866
36	19	10.063775	75.275906
36	20	9.908507	75.338946
36	21	9.745277	75.401986
36	22	9.574085	75.465026
36	23	9.394930	75.528066
36	24	9.207812	75.591106
36	25	9.012732	75.654146
36	26	8.809690	75.717186
36	27	8.598685	75.780226
36	28	8.379718	75.843266
36	29	8.152789	75.906307
36	30	7.917897	75.969347
36	31	7.675042	76.032387
36	32	7.424225	76.095427
36	33	7.165446	76.158467
36	34	6.898704	76.221507
36	35	6.624000	76.284547
36	36	6.341333	76.347587
38	-38	6.334177	76.403632
38	-37	6.602532	76.459676
38	-36	6.863730	76.515721
38	-35	7.117772	76.571765
38	-34	7.364658	76.627810
38	-33	7.604388	76.683855
38	-32	7.836962	76.739899
38	-31	8.062380	76.795944
38	-30	8.280641	76.851988
38	-29	8.491747	76.908033
38	-28	8.695696	76.964078
38	-27	8.892489	77.020122
38	-26	9.082127	77.076167
38	-25	9.264608	77.132211
38	-24	9.439932	77.188256
38	-23	9.608101	77.244300
38	-22	9.769114	77.300345
38	-21	9.922970	77.356390
38	-20	10.069671	77.412434
38	-19	10.209215	77.468479
38	-18	10.341603	77.524523
38	-17	10.466835	77.580568
38	-16	10.584911	77.636613
38	-15	10.695831	77.692657
38	-14	10.799595	77.748702
38	-13	10.896203	77.804746
38	-12	10.985654	77.860791
38	-11	11.067949	77.916836
38	-10	11.143089	77.972880
38	-9	11.211072	78.028925
38	-8	11.271899	78.084969
38	-7	11.325570	78.141014
38	-6	11.372084	78.197058
38	-5	11.411443	78.253103
38	-4	11.443646	78.309148
38	-3	11.468692	78.365192
38	-2	11.486582	78.421237
38	-1	11.497316	78.477281
38	0	11.500895	78.533326
38	1	11.497316	78.589371
38	2	11.486582	78.645415
38	3	11.468692	78.701460
38	4	11.443646	78.757504
38	5	11.411443	78.813549
38	6	11.372084	78.869594
38	7	11.325570	78.925638
38	8	11.271899	78.981683
38	9	11.211072	79.037727
38	10	11.143089	79.093772
38	11	11.067949	79.149817
38	12	10.985654	79.205861
38	13	10.896203	79.261906
38	14	10.799595	79.317950
38	15	10.695831	79.373995
38	16	10.584911	79.430039
38	17	10.466835	79.486084
38	18	10.341603	79.542129
38	19	10.209215	79.598173
38	20	10.069671	79.654218
38	21	9.922970	79.710262
38	22	9.769114	79.766307
38	23	9.608101	79.822352
38	24	9.439932	79.878396
38	25	9.264608	79.934441
38	26	9.082127	79.990485
38	27	8.892489	80.046530
38	28	8.695696	80.102575
38	29	8.491747	80.158619
38	30	8.280641	80.214664
38	31	8.062380	80.270708
38	32	7.836962	80.326753
38	33	7.604388	80.382798
38	34	7.364658	80.438842
38	35	7.117772	80.494887
38	36	6.863730	80.550931
38	37	6.602532	80.606976
38	38	6.334177	80.663020
40	-40	6.327711	80.712534
40	-39	6.583133	80.762048
40	-38	6.832088	80.811562
40	-37	7.074577	80.861076
40	-36	7.310599	80.910589
40	-35	7.540156	80.960103
40	-34	7.763245	81.009617
40	-33	7.979869	81.059131
40	-32	8.190026	81.108645
40	-31	8.393717	81.158159
40	-30	8.590941	81.207672
40	-29	8.781699	81.257186
40	-28	8.965991	81.306700
40	-27	9.143816	81.356214
40	-26	9.315175	81.405728
40	-25	9.480067	81.455241
40	-24	9.638493	81.504755
40	-23	9.790453	81.554269
40	-22	9.935946	81.603783
40	-21	10.074973	81.653297
40	-20	10.207534	81.702810
40	-19	10.333628	81.752324
40	-18	10.453256	81.801838
40	-17	10.566418	81.851352
40	-16	10.673113	81.900866
40	-15	10.773341	81.950379
40	-14	10.867104	81.999893
40	-13	10.954400	82.049407
40	-12	11.035230	82.098921
40	-11	11.109593	82.148435
40	-10	11.177490	82.197948
40	-9	11.238920	82.247462
40	-8	11.293884	82.296976
40	-7	11.342382	82.346490
40	-6	11.384414	82.396004
40	-5	11.419979	82.445517
40	-4	11.449077	82.495031
40	-3	11.471710	82.544545
40	-2	11.487876	82.594059
40	-1	11.497575	82.643573
40	0	11.500808	82.693087
40	1	11.497575	82.742600
40	2	11.487876	82.792114
40	3	11.471710	82.841628
40	4	11.449077	82.891142
40	5	11.419979	82.940656
40	6	11.384414	82.990169
40	7	11.342382	83.039683
40	8	11.293884	83.089197
40	9	11.238920	83.138711
40	10	11.177490	83.188225
40	11	11.109593	83.237738
40	12	11.035230	83.287252
40	13	10.954400	83.336766
40	14	10.867104	83.386280
40	15	10.773341	83.435794
40	16	10.673113	83.485307
40	17	10.566418	83.534821
40	18	10.453256	83.584335
40	19	10.333628	83.633849
40	20	10.207534	83.683363
40	21	10.074973	83.732876
40	22	9.935946	83.782390
40	23	9.790453	83.831904
40	24	9.638493	83.881418
40	25	9.480067	83.930932
40	26	9.315175	83.980445
40	27	9.143816	84.029959
40	28	8.965991	84.079473
40	29	8.781699	84.128987
40	30	8.590941	84.178501
40	31	8.393717	84.228014
40	32	8.190026	84.277528
40	33	7.979869	84.327042
40	34	7.763245	84.376556
40	35	7.540156	84.426070
40	36	7.310599	84.475584
40	37	7.074577	84.525097
40	38	6.832088	84.574611
40	39	6.583133	84.624125
40	40	6.327711	84.673639
42	-42	6.321839	84.717109
42	-41	6.565517	84.760580
42	-40	6.803324	84.804050
42	-39	7.035258	84.847521
42	-38	7.261321	84.890991
42	-37	7.481512	84.934462
42	-36	7.695832	84.977932
42	-35	7.904279	85.021403
42	-34	8.106855	85.064873
42	-33	8.303559	85.108344
42	-32	8.494391	85.151814
42	-31	8.679352	85.195285
42	-30	8.858441	85.238755
42	-29	9.031658	85.282226
42	-28	9.199003	85.325696
42	-27	9.360476	85.369167
42	-26	9.516078	85.412637
42	-25	9.665808	85.456107
42	-24	9.809666	85.499578
42	-23	9.947653	85.543048
42	-22	10.079767	85.586519
42	-21	10.206010	85.629989
42	-20	10.326381	85.673460
42	-19	10.440881	85.716930
42	-18	10.549508	85.760401
42	-17	10.652264	85.803871
42	-16	10.749148	85.847342
42	-15	10.840161	85.890812
42	-14	10.925301	85.934283
42	-13	11.004570	85.977753
42	-12	11.077967	86.021224
42	-11	11.145492	86.064694
42	-10	11.207146	86.108165
42	-9	11.262928	86.151635
42	-8	11.312838	86.195106
42	-7	11.356876	86.238576
42	-6	11.395042	86.282047
42	-5	11.427337	86.325517
42	-4	11.453760	86.368988
42	-3	11.474311	86.412458
42	-2	11.488990	86.455929
42	-1	11.497798	86.499399
42	0	11.500734	86.542870
42	1	11.497798	86.586340
42	2	11.488990	86.629811
42	3	11.474311	86.673281
42	4	11.453760	86.716752
42	5	11.427337	86.760222
42	6	11.395042	86.803693
42	7	11.356876	86.847163
42	8	11.312838	86.890634
42	9	11.262928	86.934104
42	10	11.207146	86.977574
42	11	11.145492	87.021045
42	12	11.077967	87.064515
42	13	11.004570	87.107986
42	14	10.925301	87.151456
42	15	10.840161	87.194927
42	16	10.749148	87.238397
42	17	10.652264	87.281868
42	18	10.549508	87.325338
42	19	10.440881	87.368809
42	20	10.326381	87.412279
42	21	10.206010	87.455750
42	22	10.079767	87.499220
42	23	9.947653	87.542691
42	24	9.809666	87.586161
42	25	9.665808	87.629632
42	26	9.516078	87.673102
42	27	9.360476	87.716573
42	28	9.199003	87.760043
42	29	9.031658	87.803514
42	30	8.858441	87.846984
42	31	8.679352	87.890455
42	32	8.494391	87.933925
42	33	8.303559	87.977396
42	34	8.106855	88.020866
42	35	7.904279	88.064337
42	36	7.695832	88.107807
42	37	7.481512	88.151278
42	38	7.261321	88.194748
42	39	7.035258	88.238219
42	40	6.803324	88.281689
42	41	6.565517	88.325160
42	42	6.321839	88.368630
44	-44	6.316484	88.406556
44	-43	6.549451	88.444482
44	-42	6.777062	88.482408
44	-41	6.999318	88.520334
44	-40	7.216218	88.558261
44	-39	7.427763	88.596187
44	-38	7.633952	88.634113
44	-37	7.834786	88.672039
44	-36	8.030264	88.709965
44	-35	8.220387	88.747891
44	-34	8.405153	88.785817
44	-33	8.584565	88.823743
44	-32	8.758621	88.861669
44	-31	8.927321	88.899596
44	-30	9.090666	88.937522
44	-29	9.248655	88.975448
44	-28	9.401288	89.013374
44	-27	9.548566	89.051300
44	-26	9.690489	89.089226
44	-25	9.827056	89.127152
44	-24	9.958267	89.165078
44	-23	10.084123	89.203004
44	-22	10.204623	89.240930
44	-21	10.319768	89.278857
44	-20	10.429557	89.316783
44	-19	10.533990	89.354709
44	-18	10.633068	89.392635
44	-17	10.726790	89.430561
44	-16	10.815157	89.468487
44	-15	10.898168	89.506413
44	-14	10.975824	89.544339
44	-13	11.048124	89.582265
44	-12	11.115069	89.620192
44	-11	11.176658	89.658118
44	-10	11.232891	89.696044
44	-9	11.283769	89.733970
44	-8	11.329291	89.771896
44	-7	11.369458	89.809822
44	-6	11.404269	89.847748
44	-5	11.433725	89.885674
44	-4	11.457825	89.923600
44	-3	11.476569	89.961526
44	-2	11.489958	89.999453
44	-1	11.497992	90.037379
44	0	11.500669	90.075305
44	1	11.497992	90.113231
44	2	11.489958	90.151157
44	3	11.476569	90.189083
44	4	11.457825	90.227009
44	5	11.433725	90.264935
44	6	11.404269	90.302861
44	7	11.369458	90.340788
44	8	11.329291	90.378714
44	9	11.283769	90.416640
44	10	11.232891	90.454566
44	11	11.176658	90.492492
44	12	11.115069	90.530418
44	13	11.048124	90.568344
44	14	10.975824	90.606270
44	15	10.898168	90.644196
44	16	10.815157	90.682123
44	17	10.726790	90.720049
44	18	10.633068	90.757975
44	19	10.533990	90.795901
44	20	10.429557	90.833827
44	21	10.319768	90.871753
44	22	10.204623	90.909679
44	23	10.084123	90.947605
44	24	9.958267	90.985531
44	25	9.827056	91.023457
44	26	9.690489	91.061384
44	27	9.548566	91.099310
44	28	9.401288	91.137236
44	29	9.248655	91.175162
44	30	9.090666	91.213088
44	31	8.927321	91.251014
44	32	8.758621	91.288940
44	33	8.584565	91.326866
44	34	8.405153	91.364792
44	35	8.220387	91.402719
44	36	8.030264	91.440645
44	37	7.834786	91.478571
44	38	7.633952	91.516497
44	39	7.427763	91.554423
44	40	7.216218	91.592349
44	41	6.999318	91.630275
44	42	6.777062	91.668201
44	43	6.549451	91.706127
44	44	6.316484	91.744053
46	-46	6.311579	91.776935
46	-45	6.534737	91.809817
46	-44	6.752990	91.842699
46	-43	6.966339	91.875581
46	-42	7.174783	91.908463
46	-41	7.378323	91.941345
46	-40	7.576958	91.974227
46	-39	7.770688	92.007109
46	-38	7.959514	92.039991
46	-37	8.143436	92.072873
46	-36	8.322452	92.105755
46	-35	8.496564	92.138637
46	-34	8.665772	92.171519
46	-33	8.830075	92.204401
46	-32	8.989474	92.237283
46	-31	9.143968	92.270165
46	-30	9.293557	92.303047
46	-29	9.438242	92.335929
46	-28	9.578022	92.368811
46	-27	9.712898	92.401693
46	-26	9.842869	92.434574
46	-25	9.967935	92.467456
46	-24	10.088097	92.500338
46	-23	10.203355	92.533220
46	-22	10.313707	92.566102
46	-21	10.419156	92.598984
46	-20	10.519699	92.631866
46	-19	10.615338	92.664748
46	-18	10.706073	92.697630
46	-17	10.791903	92.730512
46	-16	10.872828	92.763394
46	-15	10.948849	92.796276
46	-14	11.019965	92.829158
46	-13	11.086177	92.862040
46	-12	11.147484	92.894922
46	-11	11.203887	92.927804
46	-10	11.255385	92.960686
46	-9	11.301978	92.993568
46	-8	11.343667	93.026450
46	-7	11.380451	93.059332
46	-6	11.412331	93.092214
46	-5	11.439306	93.125095
46	-4	11.461377	93.157977
46	-3	11.478543	93.190859
46	-2	11.490804	93.223741
46	-1	11.498161	93.256623
46	0	11.500613	93.289505
46	1	11.498161	93.322387
46	2	11.490804	93.355269
46	3	11.478543	93.388151
46	4	11.461377	93.421033
46	5	11.439306	93.453915
46	6	11.412331	93.486797
46	7	11.380451	93.519679
46	8	11.343667	93.552561
46	9	11.301978	93.585443
46	10	11.255385	93.618325
46	11	11.203887	93.651207
46	12	11.147484	93.684089
46	13	11.086177	93.716971
46	14	11.019965	93.749853
46	15	10.948849	93.782735
46	16	10.872828	93.815616
46	17	10.791903	93.848498
46	18	10.706073	93.881380
46	19	10.615338	93.914262
46	20	10.519699	93.947144
46	21	10.419156	93.980026
46	22	10.313707	94.012908
46	23	10.203355	94.045790
46	24	10.088097	94.078672
46	25	9.967935	94.111554
46	26	9.842869	94.144436
46	27	9.712898	94.177318
46	28	9.578022	94.210200
46	29	9.438242	94.243082
46	30	9.293557	94.275964
46	31	9.143968	94.308846
46	32	8.989474	94.341728
46	33	8.830075	94.374610
46	34	8.665772	94.407492
46	35	8.496564	94.440374
46	36	8.322452	94.473256
46	37	8.143436	94.506137
46	38	7.959514	94.539019
46	39	7.770688	94.571901
46	40	7.576958	94.604783
46	41	7.378323	94.637665
46	42	7.174783	94.670547
46	43	6.966339	94.703429
46	44	6.752990	94.736311
46	45	6.534737	94.769193
46	46	6.311579	94.802075
48	-48	6.307071	94.830405
48	-47	6.521212	94.858736
48	-46	6.730845	94.887066
48	-45	6.935970	94.915397
48	-44	7.136587	94.943727
48	-43	7.332695	94.972057
48	-42	7.524296	95.000388
48	-41	7.711388	95.028718
48	-40	7.893971	95.057049
48	-39	8.072047	95.085379
48	-38	8.245614	95.113709
48	-37	8.414673	95.142040
48	-36	8.579224	95.170370
48	-35	8.739266	95.198700
48	-34	8.894801	95.227031
48	-33	9.045827	95.255361
48	-32	9.192344	95.283692
48	-31	9.334354	95.312022
48	-30	9.471855	95.340352
48	-29	9.604848	95.368683
48	-28	9.733333	95.397013
48	-27	9.857310	95.425344
48	-26	9.976778	95.453674
48	-25	10.091738	95.482004
48	-24	10.202190	95.510335
48	-23	10.308134	95.538665
48	-22	10.409569	95.566995
48	-21	10.506497	95.595326
48	-20	10.598915	95.623656
48	-19	10.686826	95.651987
48	-18	10.770229	95.680317
48	-17	10.849123	95.708647
48	-16	10.923509	95.736978
48	-15	10.993386	95.765308
48	-14	11.058756	95.793639
48	-13	11.119617	95.821969
48	-12	11.175970	95.850299
48	-11	11.227815	95.878630
48	-10	11.275152	95.906960
48	-9	11.317980	95.935290
48	-8	11.356300	95.963621
48	-7	11.390112	95.991951
48	-6	11.419415	96.020282
48	-5	11.444211	96.048612
48	-4	11.464498	96.076942
48	-3	11.480276	96.105273
48	-2	11.491547	96.133603
48	-1	11.498309	96.161934
48	0	11.500564	96.190264
48	1	11.498309	96.218594
48	2	11.491547	96.246925
48	3	11.480276	96.275255
48	4	11.464498	96.303586
48	5	11.444211	96.331916
48	6	11.419415	96.360246
48	7	11.390112	96.388577
48	8	11.356300	96.416907
48	9	11.317980	96.445237
48	10	11.275152	96.473568
48	11	11.227815	96.501898
48	12	11.175970	96.530229
48	13	11.119617	96.558559
48	14	11.058756	96.586889
48	15	10.993386	96.615220
48	16	10.923509	96.643550
48	17	10.849123	96.671881
48	18	10.770229	96.700211
48	19	10.686826	96.728541
48	20	10.598915	96.756872
48	21	10.506497	96.785202
48	22	10.409569	96.813532
48	23	10.308134	96.841863
48	24	10.202190	96.870193
48	25	10.091738	96.898524
48	26	9.976778	96.926854
48	27	9.857310	96.955184
48	28	9.733333	96.983515
48	29	9.604848	97.011845
48	30	9.471855	97.040176
48	31	9.334354	97.068506
48	32	9.192344	97.096836
48	33	9.045827	97.125167
48	34	8.894801	97.153497
48	35	8.739266	97.181828
48	36	8.579224	97.210158
48	37	8.414673	97.238488
48	38	8.245614	97.266819
48	39	8.072047	97.295149
48	40	7.893971	97.323479
48	41	7.711388	97.351810
48	42	7.524296	97.380140
48	43	7.332695	97.408471
48	44	7.136587	97.436801
48	45	6.935970	97.465131
48	46	6.730845	97.493462
48	47	6.521212	97.521792
48	48	6.307071	97.550123
50	-50	6.302913	97.574379
50	-49	6.508738	97.598635
50	-48	6.710405	97.622891
50	-47	6.907914	97.647147
50	-46	7.101265	97.671404
50	-45	7.290458	97.695660
50	-44	7.475493	97.719916
50	-43	7.656370	97.744172
50	-42	7.833088	97.768428
50	-41	8.005649	97.792685
50	-40	8.174051	97.816941
50	-39	8.338296	97.841197
50	-38	8.498382	97.865453
50	-37	8.654310	97.889710
50	-36	8.806080	97.913966
50	-35	8.953692	97.938222
50	-34	9.097146	97.962478
50	-33	9.236442	97.986734
50	-32	9.371580	98.010991
50	-31	9.502560	98.035247
50	-30	9.629381	98.059503
50	-29	9.752045	98.083759
50	-28	9.870550	98.108015
50	-27	9.984898	98.132272
50	-26	10.095087	98.156528
50	-25	10.201118	98.180784
50	-24	10.302991	98.205040
50	-23	10.400706	98.229296
50	-22	10.494263	98.253553
50	-21	10.583662	98.277809
50	-20	10.668903	98.302065
50	-19	10.749985	98.326321
50	-18	10.826910	98.350578
50	-17	10.899676	98.374834
50	-16	10.968285	98.399090
50	-15	11.032735	98.423346
50	-14	11.093027	98.447602
50	-13	11.149162	98.471859
50	-12	11.201138	98.496115
50	-11	11.248956	98.520371
50	-10	11.292615	98.544627
50	-9	11.332117	98.568883
50	-8	11.367461	98.593140
50	-7	11.398647	98.617396
50	-6	11.425674	98.641652
50	-5	11.448544	98.665908
50	-4	11.467255	98.690165
50	-3	11.481808	98.714421
50	-2	11.492204	98.738677
50	-1	11.498441	98.762933
50	0	11.500520	98.787189
50	1	11.498441	98.811446
50	2	11.492204	98.835702
50	3	11.481808	98.859958
50	4	11.467255	98.884214
50	5	11.448544	98.908470
50	6	11.425674	98.932727
50	7	11.398647	98.956983
50	8	11.367461	98.981239
50	9	11.332117	99.005495
50	10	11.292615	99.029751
50	11	11.248956	99.054008
50	12	11.201138	99.078264
50	13	11.149162	99.102520
50	14	11.093027	99.126776
50	15	11.032735	99.151033
50	16	10.968285	99.175289
50	17	10.899676	99.199545
50	18	10.826910	99.223801
50	19	10.749985	99.248057
50	20	10.668903	99.272314
50	21	10.583662	99.296570
50	22	10.494263	99.320826
50	23	10.400706	99.345082
50	24	10.302991	99.369338
50	25	10.201118	99.393595
50	26	10.095087	99.417851
50	27	9.984898	99.442107
50	28	9.870550	99.466363
50	29	9.752045	99.490620
50	30	9.629381	99.514876
50	31	9.502560	99.539132
50	32	9.371580	99.563388
50	33	9.236442	99.587644
50	34	9.097146	99.611901
50	35	8.953692	99.636157
50	36	8.806080	99.660413
50	37	8.654310	99.684669
50	38	8.498382	99.708925
50	39	8.338296	99.733182
50	40	8.174051	99.757438
50	41	8.005649	99.781694
50	42	7.833088	99.805950
50	43	7.656370	99.830207
50	44	7.475493	99.854463
50	45	7.290458	99.878719
50	46	7.101265	99.902975
50	47	6.907914	99.927231
50	48	6.710405	99.951488
50	49	6.508738	99.975744
50	50	6.302913	100.000000
