0	0	9.733333	0.144757
2	-2	7.714286	0.289029
2	-1	10.742857	0.433300
2	0	11.752381	0.577571
2	1	10.742857	0.721843
2	2	7.714286	0.866114
4	-4	7.163636	1.009259
4	-3	9.090909	1.152403
4	-2	10.467532	1.295548
4	-1	11.293506	1.438693
4	0	11.568831	1.581837
4	1	11.293506	1.724982
4	2	10.467532	1.868126
4	3	9.090909	2.011271
4	4	7.163636	2.154415
6	-6	6.906667	2.295807
6	-5	8.320000	2.437198
6	-4	9.476364	2.578590
6	-3	10.375758	2.719981
6	-2	11.018182	2.861373
6	-1	11.403636	3.002764
6	0	11.532121	3.144156
6	1	11.403636	3.285547
6	2	11.018182	3.426939
6	3	10.375758	3.568330
6	4	9.476364	3.709722
6	5	8.320000	3.851113
6	6	6.906667	3.992505
8	-8	6.757895	4.131540
8	-7	7.873684	4.270576
8	-6	8.840702	4.409611
8	-5	9.658947	4.548647
8	-4	10.328421	4.687683
8	-3	10.849123	4.826718
8	-2	11.221053	4.965754
8	-1	11.444211	5.104789
8	0	11.518596	5.243825
8	1	11.444211	5.382860
8	2	11.221053	5.521896
8	3	10.849123	5.660931
8	4	10.328421	5.799967
8	5	9.658947	5.939002
8	6	8.840702	6.078038
8	7	7.873684	6.217073
8	8	6.757895	6.356109
10	-10	6.660870	6.492216
10	-9	7.582609	6.628324
10	-8	8.407323	6.764431
10	-7	9.135011	6.900539
10	-6	9.765675	7.036646
10	-5	10.299314	7.172754
10	-4	10.735927	7.308861
10	-3	11.075515	7.444969
10	-2	11.318078	7.581076
10	-1	11.463616	7.717184
10	0	11.512128	7.853292
10	1	11.463616	7.989399
10	2	11.318078	8.125507
10	3	11.075515	8.261614
10	4	10.735927	8.397722
10	5	10.299314	8.533829
10	6	9.765675	8.669937
10	7	9.135011	8.806044
10	8	8.407323	8.942152
10	9	7.582609	9.078259
10	10	6.660870	9.214367
12	-12	6.592593	9.347012
12	-11	7.377778	9.479658
12	-10	8.094686	9.612303
12	-9	8.743317	9.744949
12	-8	9.323671	9.877594
12	-7	9.835749	10.010240
12	-6	10.279549	10.142885
12	-5	10.655072	10.275531
12	-4	10.962319	10.408176
12	-3	11.201288	10.540822
12	-2	11.371981	10.673467
12	-1	11.474396	10.806113
12	0	11.508535	10.938759
12	1	11.474396	11.071404
12	2	11.371981	11.204050
12	3	11.201288	11.336695
12	4	10.962319	11.469341
12	5	10.655072	11.601986
12	6	10.279549	11.734632
12	7	9.835749	11.867277
12	8	9.323671	11.999923
12	9	8.743317	12.132568
12	10	8.094686	12.265214
12	11	7.377778	12.397859
12	12	6.592593	12.530505
14	-14	6.541935	12.659198
14	-13	7.225806	12.787892
14	-12	7.859020	12.916585
14	-11	8.441577	13.045279
14	-10	8.973477	13.173973
14	-9	9.454719	13.302666
14	-8	9.885305	13.431360
14	-7	10.265233	13.560053
14	-6	10.594504	13.688747
14	-5	10.873118	13.817441
14	-4	11.101075	13.946134
14	-3	11.278375	14.074828
14	-2	11.405018	14.203521
14	-1	11.481004	14.332215
14	0	11.506332	14.460909
14	1	11.481004	14.589602
14	2	11.405018	14.718296
14	3	11.278375	14.846989
14	4	11.101075	14.975683
14	5	10.873118	15.104377
14	6	10.594504	15.233070
14	7	10.265233	15.361764
14	8	9.885305	15.490457
14	9	9.454719	15.619151
14	10	8.973477	15.747845
14	11	8.441577	15.876538
14	12	7.859020	16.005232
14	13	7.225806	16.133925
14	14	6.541935	16.262619
16	-16	6.502857	16.386920
16	-15	7.108571	16.511221
16	-14	7.675207	16.635523
16	-13	8.202765	16.759824
16	-12	8.691244	16.884125
16	-11	9.140645	17.008426
16	-10	9.550968	17.132727
16	-9	9.922212	17.257028
16	-8	10.254378	17.381330
16	-7	10.547465	17.505631
16	-6	10.801475	17.629932
16	-5	11.016406	17.754233
16	-4	11.192258	17.878534
16	-3	11.329032	18.002836
16	-2	11.426728	18.127137
16	-1	11.485346	18.251438
16	0	11.504885	18.375739
16	1	11.485346	18.500040
16	2	11.426728	18.624342
16	3	11.329032	18.748643
16	4	11.192258	18.872944
16	5	11.016406	18.997245
16	6	10.801475	19.121546
16	7	10.547465	19.245848
16	8	10.254378	19.370149
16	9	9.922212	19.494450
16	10	9.550968	19.618751
16	11	9.140645	19.743052
16	12	8.691244	19.867354
16	13	8.202765	19.991655
16	14	7.675207	20.115956
16	15	7.108571	20.240257
16	16	6.502857	20.364558
18	-18	6.471795	20.484080
18	-17	7.015385	20.603602
18	-16	7.527912	20.723124
18	-15	8.009377	20.842646
18	-14	8.459780	20.962168
18	-13	8.879121	21.081690
18	-12	9.267399	21.201212
18	-11	9.624615	21.320734
18	-10	9.950769	21.440256
18	-9	10.245861	21.559778
18	-8	10.509890	21.679300
18	-7	10.742857	21.798822
18	-6	10.944762	21.918344
18	-5	11.115604	22.037866
18	-4	11.255385	22.157388
18	-3	11.364103	22.276909
18	-2	11.441758	22.396431
18	-1	11.488352	22.515953
18	0	11.503883	22.635475
18	1	11.488352	22.754997
18	2	11.441758	22.874519
18	3	11.364103	22.994041
18	4	11.255385	23.113563
18	5	11.115604	23.233085
18	6	10.944762	23.352607
18	7	10.742857	23.472129
18	8	10.509890	23.591651
18	9	10.245861	23.711173
18	10	9.950769	23.830695
18	11	9.624615	23.950217
18	12	9.267399	24.069739
18	13	8.879121	24.189261
18	14	8.459780	24.308782
18	15	8.009377	24.428304
18	16	7.527912	24.547826
18	17	7.015385	24.667348
18	18	6.471795	24.786870
20	-20	6.446512	24.901283
20	-19	6.939535	25.015696
20	-18	7.407275	25.130108
20	-17	7.849732	25.244521
20	-16	8.266905	25.358933
20	-15	8.658795	25.473346
20	-14	9.025403	25.587759
20	-13	9.366726	25.702171
20	-12	9.682767	25.816584
20	-11	9.973524	25.930997
20	-10	10.238998	26.045409
20	-9	10.479189	26.159822
20	-8	10.694097	26.274234
20	-7	10.883721	26.388647
20	-6	11.048062	26.503060
20	-5	11.187120	26.617472
20	-4	11.300894	26.731885
20	-3	11.389386	26.846298
20	-2	11.452594	26.960710
20	-1	11.490519	27.075123
20	0	11.503160	27.189536
20	1	11.490519	27.303948
20	2	11.452594	27.418361
20	3	11.389386	27.532773
20	4	11.300894	27.647186
20	5	11.187120	27.761599
20	6	11.048062	27.876011
20	7	10.883721	27.990424
20	8	10.694097	28.104837
20	9	10.479189	28.219249
20	10	10.238998	28.333662
20	11	9.973524	28.448074
20	12	9.682767	28.562487
20	13	9.366726	28.676900
20	14	9.025403	28.791312
20	15	8.658795	28.905725
20	16	8.266905	29.020138
20	17	7.849732	29.134550
20	18	7.407275	29.248963
20	19	6.939535	29.363376
20	20	6.446512	29.477788
22	-22	6.425532	29.586820
22	-21	6.876596	29.695852
22	-20	7.306680	29.804884
22	-19	7.715784	29.913916
22	-18	8.103909	30.022949
22	-17	8.471054	30.131981
22	-16	8.817219	30.241013
22	-15	9.142405	30.350045
22	-14	9.446611	30.459077
22	-13	9.729837	30.568109
22	-12	9.992083	30.677141
22	-11	10.233350	30.786173
22	-10	10.453637	30.895205
22	-9	10.652944	31.004237
22	-8	10.831272	31.113269
22	-7	10.988619	31.222301
22	-6	11.124988	31.331333
22	-5	11.240376	31.440366
22	-4	11.334785	31.549398
22	-3	11.408214	31.658430
22	-2	11.460663	31.767462
22	-1	11.492133	31.876494
22	0	11.502622	31.985526
22	1	11.492133	32.094558
22	2	11.460663	32.203590
22	3	11.408214	32.312622
22	4	11.334785	32.421654
22	5	11.240376	32.530686
22	6	11.124988	32.639718
22	7	10.988619	32.748750
22	8	10.831272	32.857783
22	9	10.652944	32.966815
22	10	10.453637	33.075847
22	11	10.233350	33.184879
22	12	9.992083	33.293911
22	13	9.729837	33.402943
22	14	9.446611	33.511975
22	15	9.142405	33.621007
22	16	8.817219	33.730039
22	17	8.471054	33.839071
22	18	8.103909	33.948103
22	19	7.715784	34.057135
22	20	7.306680	34.166167
22	21	6.876596	34.275200
22	22	6.425532	34.384232
24	-24	6.407843	34.487672
24	-23	6.823529	34.591112
24	-22	7.221527	34.694552
24	-21	7.601836	34.797992
24	-20	7.964456	34.901432
24	-19	8.309387	35.004872
24	-18	8.636629	35.108312
24	-17	8.946183	35.211752
24	-16	9.238048	35.315192
24	-15	9.512224	35.418632
24	-14	9.768711	35.522072
24	-13	10.007509	35.625512
24	-12	10.228619	35.728952
24	-11	10.432040	35.832392
24	-10	10.617772	35.935832
24	-9	10.785816	36.039272
24	-8	10.936170	36.142712
24	-7	11.068836	36.246152
24	-6	11.183813	36.349592
24	-5	11.281101	36.453032
24	-4	11.360701	36.556472
24	-3	11.422612	36.659912
24	-2	11.466834	36.763352
24	-1	11.493367	36.866792
24	0	11.502211	36.970232
24	1	11.493367	37.073672
24	2	11.466834	37.177112
24	3	11.422612	37.280552
24	4	11.360701	37.383992
24	5	11.281101	37.487432
24	6	11.183813	37.590872
24	7	11.068836	37.694312
24	8	10.936170	37.797752
24	9	10.785816	37.901192
24	10	10.617772	38.004632
24	11	10.432040	38.108072
24	12	10.228619	38.211512
24	13	10.007509	38.314952
24	14	9.768711	38.418392
24	15	9.512224	38.521832
24	16	9.238048	38.625272
24	17	8.946183	38.728712
24	18	8.636629	38.832152
24	19	8.309387	38.935592
24	20	7.964456	39.039032
24	21	7.601836	39.142472
24	22	7.221527	39.245912
24	23	6.823529	39.349352
24	24	6.407843	39.452792
26	-26	6.392727	39.550488
26	-25	6.778182	39.648184
26	-24	7.148520	39.745880
26	-23	7.503743	39.843576
26	-22	7.843850	39.941272
26	-21	8.168841	40.038968
26	-20	8.478717	40.136664
26	-19	8.773476	40.234360
26	-18	9.053119	40.332056
26	-17	9.317647	40.429752
26	-16	9.567059	40.527448
26	-15	9.801355	40.625145
26	-14	10.020535	40.722841
26	-13	10.224599	40.820537
26	-12	10.413547	40.918233
26	-11	10.587380	41.015929
26	-10	10.746096	41.113625
26	-9	10.889697	41.211321
26	-8	11.018182	41.309017
26	-7	11.131551	41.406713
26	-6	11.229804	41.504409
26	-5	11.312941	41.602105
26	-4	11.380963	41.699801
26	-3	11.433868	41.797497
26	-2	11.471658	41.895193
26	-1	11.494332	41.992889
26	0	11.501889	42.090585
26	1	11.494332	42.188281
26	2	11.471658	42.285977
26	3	11.433868	42.383673
26	4	11.380963	42.481369
26	5	11.312941	42.579065
26	6	11.229804	42.676761
26	7	11.131551	42.774457
26	8	11.018182	42.872153
26	9	10.889697	42.969849
26	10	10.746096	43.067545
26	11	10.587380	43.165241
26	12	10.413547	43.262937
26	13	10.224599	43.360633
26	14	10.020535	43.458329
26	15	9.801355	43.556025
26	16	9.567059	43.653721
26	17	9.317647	43.751417
26	18	9.053119	43.849113
26	19	8.773476	43.946809
26	20	8.478717	44.044505
26	21	8.168841	44.142201
26	22	7.843850	44.239897
26	23	7.503743	44.337593
26	24	7.148520	44.435289
26	25	6.778182	44.532985
26	26	6.392727	44.630681
28	-28	6.379661	44.722540
28	-27	6.738983	44.814398
28	-26	7.085239	44.906256
28	-25	7.418428	44.998115
28	-24	7.738552	45.089973
28	-23	8.045609	45.181832
28	-22	8.339599	45.273690
28	-21	8.620524	45.365549
28	-20	8.888382	45.457407
28	-19	9.143174	45.549266
28	-18	9.384900	45.641124
28	-17	9.613559	45.732983
28	-16	9.829153	45.824841
28	-15	10.031680	45.916699
28	-14	10.221140	46.008558
28	-13	10.397535	46.100416
28	-12	10.560863	46.192275
28	-11	10.711125	46.284133
28	-10	10.848320	46.375992
28	-9	10.972450	46.467850
28	-8	11.083513	46.559709
28	-7	11.181510	46.651567
28	-6	11.266441	46.743425
28	-5	11.338305	46.835284
28	-4	11.397103	46.927142
28	-3	11.442835	47.019001
28	-2	11.475501	47.110859
28	-1	11.495100	47.202718
28	0	11.501633	47.294576
28	1	11.495100	47.386435
28	2	11.475501	47.478293
28	3	11.442835	47.570151
28	4	11.397103	47.662010
28	5	11.338305	47.753868
28	6	11.266441	47.845727
28	7	11.181510	47.937585
28	8	11.083513	48.029444
28	9	10.972450	48.121302
28	10	10.848320	48.213161
28	11	10.711125	48.305019
28	12	10.560863	48.396878
28	13	10.397535	48.488736
28	14	10.221140	48.580594
28	15	10.031680	48.672453
28	16	9.829153	48.764311
28	17	9.613559	48.856170
28	18	9.384900	48.948028
28	19	9.143174	49.039887
28	20	8.888382	49.131745
28	21	8.620524	49.223604
28	22	8.339599	49.315462
28	23	8.045609	49.407320
28	24	7.738552	49.499179
28	25	7.418428	49.591037
28	26	7.085239	49.682896
28	27	6.738983	49.774754
28	28	6.379661	49.866613
30	-30	6.368254	49.952596
30	-29	6.704762	50.038580
30	-28	7.029863	50.124563
30	-27	7.343557	50.210547
30	-26	7.645843	50.296530
30	-25	7.936723	50.382514
30	-24	8.216196	50.468498
30	-23	8.484262	50.554481
30	-22	8.740920	50.640465
30	-21	8.986172	50.726448
30	-20	9.220016	50.812432
30	-19	9.442454	50.898415
30	-18	9.653484	50.984399
30	-17	9.853107	51.070382
30	-16	10.041324	51.156366
30	-15	10.218133	51.242349
30	-14	10.383535	51.328333
30	-13	10.537530	51.414316
30	-12	10.680118	51.500300
30	-11	10.811299	51.586284
30	-10	10.931073	51.672267
30	-9	11.039440	51.758251
30	-8	11.136400	51.844234
30	-7	11.221953	51.930218
30	-6	11.296099	52.016201
30	-5	11.358838	52.102185
30	-4	11.410169	52.188168
30	-3	11.450094	52.274152
30	-2	11.478612	52.360135
30	-1	11.495722	52.446119
30	0	11.501426	52.532103
30	1	11.495722	52.618086
30	2	11.478612	52.704070
30	3	11.450094	52.790053
30	4	11.410169	52.876037
30	5	11.358838	52.962020
30	6	11.296099	53.048004
30	7	11.221953	53.133987
30	8	11.136400	53.219971
30	9	11.039440	53.305954
30	10	10.931073	53.391938
30	11	10.811299	53.477922
30	12	10.680118	53.563905
30	13	10.537530	53.649889
30	14	10.383535	53.735872
30	15	10.218133	53.821856
30	16	10.041324	53.907839
30	17	9.853107	53.993823
30	18	9.653484	54.079806
30	19	9.442454	54.165790
30	20	9.220016	54.251773
30	21	8.986172	54.337757
30	22	8.740920	54.423741
30	23	8.484262	54.509724
30	24	8.216196	54.595708
30	25	7.936723	54.681691
30	26	7.645843	54.767675
30	27	7.343557	54.853658
30	28	7.029863	54.939642
30	29	6.704762	55.025625
30	30	6.368254	55.111609
32	-32	6.358209	55.191733
32	-31	6.674627	55.271858
32	-30	6.981000	55.351983
32	-29	7.277328	55.432107
32	-28	7.563611	55.512232
32	-27	7.839848	55.592356
32	-26	8.106041	55.672481
32	-25	8.362189	55.752605
32	-24	8.608292	55.832730
32	-23	8.844350	55.912854
32	-22	9.070362	55.992979
32	-21	9.286330	56.073103
32	-20	9.492253	56.153228
32	-19	9.688131	56.233353
32	-18	9.873964	56.313477
32	-17	10.049751	56.393602
32	-16	10.215494	56.473726
32	-15	10.371192	56.553851
32	-14	10.516844	56.633975
32	-13	10.652452	56.714100
32	-12	10.778015	56.794224
32	-11	10.893532	56.874349
32	-10	10.999005	56.954473
32	-9	11.094433	57.034598
32	-8	11.179815	57.114722
32	-7	11.255153	57.194847
32	-6	11.320445	57.274972
32	-5	11.375693	57.355096
32	-4	11.420896	57.435221
32	-3	11.456053	57.515345
32	-2	11.481166	57.595470
32	-1	11.496233	57.675594
32	0	11.501256	57.755719
32	1	11.496233	57.835843
32	2	11.481166	57.915968
32	3	11.456053	57.996092
32	4	11.420896	58.076217
32	5	11.375693	58.156342
32	6	11.320445	58.236466
32	7	11.255153	58.316591
32	8	11.179815	58.396715
32	9	11.094433	58.476840
32	10	10.999005	58.556964
32	11	10.893532	58.637089
32	12	10.778015	58.717213
32	13	10.652452	58.797338
32	14	10.516844	58.877462
32	15	10.371192	58.957587
32	16	10.215494	59.037712
32	17	10.049751	59.117836
32	18	9.873964	59.197961
32	19	9.688131	59.278085
32	20	9.492253	59.358210
32	21	9.286330	59.438334
32	22	9.070362	59.518459
32	23	8.844350	59.598583
32	24	8.608292	59.678708
32	25	8.362189	59.758832
32	26	8.106041	59.838957
32	27	7.839848	59.919082
32	28	7.563611	59.999206
32	29	7.277328	60.079331
32	30	6.981000	60.159455
32	31	6.674627	60.239580
32	32	6.358209	60.319704
34	-34	6.349296	60.394035
34	-33	6.647887	60.468366
34	-32	6.937566	60.542697
34	-31	7.218331	60.617028
34	-30	7.490183	60.691359
34	-29	7.753122	60.765690
34	-28	8.007147	60.840021
34	-27	8.252260	60.914352
34	-26	8.488459	60.988683
34	-25	8.715745	61.063014
34	-24	8.934118	61.137345
34	-23	9.143578	61.211676
34	-22	9.344124	61.286007
34	-21	9.535758	61.360338
34	-20	9.718478	61.434669
34	-19	9.892285	61.509000
34	-18	10.057179	61.583331
34	-17	10.213160	61.657662
34	-16	10.360227	61.731993
34	-15	10.498381	61.806324
34	-14	10.627622	61.880654
34	-13	10.747950	61.954985
34	-12	10.859365	62.029316
34	-11	10.961867	62.103647
34	-10	11.055455	62.177978
34	-9	11.140130	62.252309
34	-8	11.215892	62.326640
34	-7	11.282741	62.400971
34	-6	11.340677	62.475302
34	-5	11.389699	62.549633
34	-4	11.429809	62.623964
34	-3	11.461005	62.698295
34	-2	11.483288	62.772626
34	-1	11.496658	62.846957
34	0	11.501114	62.921288
34	1	11.496658	62.995619
34	2	11.483288	63.069950
34	3	11.461005	63.144281
34	4	11.429809	63.218612
34	5	11.389699	63.292943
34	6	11.340677	63.367274
34	7	11.282741	63.441605
34	8	11.215892	63.515936
34	9	11.140130	63.590267
34	10	11.055455	63.664598
34	11	10.961867	63.738929
34	12	10.859365	63.813260
34	13	10.747950	63.887591
34	14	10.627622	63.961921
34	15	10.498381	64.036252
34	16	10.360227	64.110583
34	17	10.213160	64.184914
34	18	10.057179	64.259245
34	19	9.892285	64.333576
34	20	9.718478	64.407907
34	21	9.535758	64.482238
34	22	9.344124	64.556569
34	23	9.143578	64.630900
34	24	8.934118	64.705231
34	25	8.715745	64.779562
34	26	8.488459	64.853893
34	27	8.252260	64.928224
34	28	8.007147	65.002555
34	29	7.753122	65.076886
34	30	7.490183	65.151217
34	31	7.218331	65.225548
34	32	6.937566	65.299879
34	33	6.647887	65.374210
34	34	6.349296	65.448541
36	-36	6.341333	65.517189
36	-35	6.624000	65.585837
36	-34	6.898704	65.654485
36	-33	7.165446	65.723133
36	-32	7.424225	65.791781
36	-31	7.675042	65.860429
36	-30	7.917897	65.929077
36	-29	8.152789	65.997725
36	-28	8.379718	66.066373
36	-27	8.598685	66.135021
36	-26	8.809690	66.203669
36	-25	9.012732	66.272317
36	-24	9.207812	66.340965
36	-23	9.394930	66.409613
36	-22	9.574085	66.478261
36	-21	9.745277	66.546909
36	-20	9.908507	66.615557
36	-19	10.063775	66.684205
36	-18	10.211080	66.752853
36	-17	10.350423	66.821501
36	-16	10.481803	66.890149
36	-15	10.605221	66.958797
36	-14	10.720676	67.027445
36	-13	10.828169	67.096093
36	-12	10.927700	67.164741
36	-11	11.019268	67.233389
36	-10	11.102873	67.302037
36	-9	11.178516	67.370685
36	-8	11.246197	67.439333
36	-7	11.305915	67.507981
36	-6	11.357671	67.576629
36	-5	11.401465	67.645277
36	-4	11.437296	67.713925
36	-3	11.465164	67.782573
36	-2	11.485070	67.851221
36	-1	11.497014	67.919869
36	0	11.500995	67.988517
36	1	11.497014	68.057165
36	2	11.485070	68.125813
36	3	11.465164	68.194461
36	4	11.437296	68.263109
36	5	11.401465	68.331757
36	6	11.357671	68.400405
36	7	11.305915	68.469053
36	8	11.246197	68.537701
36	9	11.178516	68.606349
36	10	11.102873	68.674997
36	11	11.019268	68.743645
36	12	10.927700	68.812293
36	13	10.828169	68.880941
36	14	10.720676	68.949589
36	15	10.605221	69.018237
36	16	10.481803	69.086885
36	17	10.350423	69.155533
36	18	10.211080	69.224181
36	19	10.063775	69.292829
36	20	9.908507	69.361477
36	21	9.745277	69.430125
36	22	9.574085	69.498773
36	23	9.394930	69.567421
36	24	9.207812	69.636069
36	25	9.012732	69.704717
36	26	8.809690	69.773365
36	27	8.598685	69.842013
36	28	8.379718	69.910661
36	29	8.152789	69.979309
36	30	7.917897	70.047957
36	31	7.675042	70.116605
36	32	7.424225	70.185254
36	33	7.165446	70.253902
36	34	6.898704	70.322550
36	35	6.624000	70.391198
36	36	6.341333	70.459846
38	-38	6.334177	70.522962
38	-37	6.602532	70.586078
38	-36	6.863730	70.649194
38	-35	7.117772	70.712310
38	-34	7.364658	70.775426
38	-33	7.604388	70.838542
38	-32	7.836962	70.901658
38	-31	8.062380	70.964774
38	-30	8.280641	71.027890
38	-29	8.491747	71.091007
38	-28	8.695696	71.154123
38	-27	8.892489	71.217239
38	-26	9.082127	71.280355
38	-25	9.264608	71.343471
38	-24	9.439932	71.406587
38	-23	9.608101	71.469703
38	-22	9.769114	71.532819
38	-21	9.922970	71.595935
38	-20	10.069671	71.659051
38	-19	10.209215	71.722167
38	-18	10.341603	71.785284
38	-17	10.466835	71.848400
38	-16	10.584911	71.911516
38	-15	10.695831	71.974632
38	-14	10.799595	72.037748
38	-13	10.896203	72.100864
38	-12	10.985654	72.163980
38	-11	11.067949	72.227096
38	-10	11.143089	72.290212
38	-9	11.211072	72.353328
38	-8	11.271899	72.416445
38	-7	11.325570	72.479561
38	-6	11.372084	72.542677
38	-5	11.411443	72.605793
38	-4	11.443646	72.668909
38	-3	11.468692	72.732025
38	-2	11.486582	72.795141
38	-1	11.497316	72.858257
38	0	11.500895	72.921373
38	1	11.497316	72.984489
38	2	11.486582	73.047605
38	3	11.468692	73.110722
38	4	11.443646	73.173838
38	5	11.411443	73.236954
38	6	11.372084	73.300070
38	7	11.325570	73.363186
38	8	11.271899	73.426302
38	9	11.211072	73.489418
38	10	11.143089	73.552534
38	11	11.067949	73.615650
38	12	10.985654	73.678766
38	13	10.896203	73.741883
38	14	10.799595	73.804999
38	15	10.695831	73.868115
38	16	10.584911	73.931231
38	17	10.466835	73.994347
38	18	10.341603	74.057463
38	19	10.209215	74.120579
38	20	10.069671	74.183695
38	21	9.922970	74.246811
38	22	9.769114	74.309927
38	23	9.608101	74.373043
38	24	9.439932	74.436160
38	25	9.264608	74.499276
38	26	9.082127	74.562392
38	27	8.892489	74.625508
38	28	8.695696	74.688624
38	29	8.491747	74.751740
38	30	8.280641	74.814856
38	31	8.062380	74.877972
38	32	7.836962	74.941088
38	33	7.604388	75.004204
38	34	7.364658	75.067321
38	35	7.117772	75.130437
38	36	6.863730	75.193553
38	37	6.602532	75.256669
38	38	6.334177	75.319785
40	-40	6.327711	75.377555
40	-39	6.583133	75.435326
40	-38	6.832088	75.493096
40	-37	7.074577	75.550867
40	-36	7.310599	75.608637
40	-35	7.540156	75.666408
40	-34	7.763245	75.724179
40	-33	7.979869	75.781949
40	-32	8.190026	75.839720
40	-31	8.393717	75.897490
40	-30	8.590941	75.955261
40	-29	8.781699	76.013031
40	-28	8.965991	76.070802
40	-27	9.143816	76.128572
40	-26	9.315175	76.186343
40	-25	9.480067	76.244113
40	-24	9.638493	76.301884
40	-23	9.790453	76.359654
40	-22	9.935946	76.417425
40	-21	10.074973	76.475195
40	-20	10.207534	76.532966
40	-19	10.333628	76.590736
40	-18	10.453256	76.648507
40	-17	10.566418	76.706277
40	-16	10.673113	76.764048
40	-15	10.773341	76.821818
40	-14	10.867104	76.879589
40	-13	10.954400	76.937359
40	-12	11.035230	76.995130
40	-11	11.109593	77.052900
40	-10	11.177490	77.110671
40	-9	11.238920	77.168442
40	-8	11.293884	77.226212
40	-7	11.342382	77.283983
40	-6	11.384414	77.341753
40	-5	11.419979	77.399524
40	-4	11.449077	77.457294
40	-3	11.471710	77.515065
40	-2	11.487876	77.572835
40	-1	11.497575	77.630606
40	0	11.500808	77.688376
40	1	11.497575	77.746147
40	2	11.487876	77.803917
40	3	11.471710	77.861688
40	4	11.449077	77.919458
40	5	11.419979	77.977229
40	6	11.384414	78.034999
40	7	11.342382	78.092770
40	8	11.293884	78.150540
40	9	11.238920	78.208311
40	10	11.177490	78.266081
40	11	11.109593	78.323852
40	12	11.035230	78.381622
40	13	10.954400	78.439393
40	14	10.867104	78.497163
40	15	10.773341	78.554934
40	16	10.673113	78.612704
40	17	10.566418	78.670475
40	18	10.453256	78.728246
40	19	10.333628	78.786016
40	20	10.207534	78.843787
40	21	10.074973	78.901557
40	22	9.935946	78.959328
40	23	9.790453	79.017098
40	24	9.638493	79.074869
40	25	9.480067	79.132639
40	26	9.315175	79.190410
40	27	9.143816	79.248180
40	28	8.965991	79.305951
40	29	8.781699	79.363721
40	30	8.590941	79.421492
40	31	8.393717	79.479262
40	32	8.190026	79.537033
40	33	7.979869	79.594803
40	34	7.763245	79.652574
40	35	7.540156	79.710344
40	36	7.310599	79.768115
40	37	7.074577	79.825885
40	38	6.832088	79.883656
40	39	6.583133	79.941426
40	40	6.327711	79.999197
42	-42	6.321839	80.051838
42	-41	6.565517	80.104480
42	-40	6.803324	80.157121
42	-39	7.035258	80.209762
42	-38	7.261321	80.262403
42	-37	7.481512	80.315045
42	-36	7.695832	80.367686
42	-35	7.904279	80.420327
42	-34	8.106855	80.472968
42	-33	8.303559	80.525610
42	-32	8.494391	80.578251
42	-31	8.679352	80.630892
42	-30	8.858441	80.683534
42	-29	9.031658	80.736175
42	-28	9.199003	80.788816
42	-27	9.360476	80.841457
42	-26	9.516078	80.894099
42	-25	9.665808	80.946740
42	-24	9.809666	80.999381
42	-23	9.947653	81.052022
42	-22	10.079767	81.104664
42	-21	10.206010	81.157305
42	-20	10.326381	81.209946
42	-19	10.440881	81.262588
42	-18	10.549508	81.315229
42	-17	10.652264	81.367870
42	-16	10.749148	81.420511
42	-15	10.840161	81.473153
42	-14	10.925301	81.525794
42	-13	11.004570	81.578435
42	-12	11.077967	81.631077
42	-11	11.145492	81.683718
42	-10	11.207146	81.736359
42	-9	11.262928	81.789000
42	-8	11.312838	81.841642
42	-7	11.356876	81.894283
42	-6	11.395042	81.946924
42	-5	11.427337	81.999565
42	-4	11.453760	82.052207
42	-3	11.474311	82.104848
42	-2	11.488990	82.157489
42	-1	11.497798	82.210131
42	0	11.500734	82.262772
42	1	11.497798	82.315413
42	2	11.488990	82.368054
42	3	11.474311	82.420696
42	4	11.453760	82.473337
42	5	11.427337	82.525978
42	6	11.395042	82.578619
42	7	11.356876	82.631261
42	8	11.312838	82.683902
42	9	11.262928	82.736543
42	10	11.207146	82.789185
42	11	11.145492	82.841826
42	12	11.077967	82.894467
42	13	11.004570	82.947108
42	14	10.925301	82.999750
42	15	10.840161	83.052391
42	16	10.749148	83.105032
42	17	10.652264	83.157674
42	18	10.549508	83.210315
42	19	10.440881	83.262956
42	20	10.326381	83.315597
42	21	10.206010	83.368239
42	22	10.079767	83.420880
42	23	9.947653	83.473521
42	24	9.809666	83.526162
42	25	9.665808	83.578804
42	26	9.516078	83.631445
42	27	9.360476	83.684086
42	28	9.199003	83.736728
42	29	9.031658	83.789369
42	30	8.858441	83.842010
42	31	8.679352	83.894651
42	32	8.494391	83.947293
42	33	8.303559	83.999934
42	34	8.106855	84.052575
42	35	7.904279	84.105216
42	36	7.695832	84.157858
42	37	7.481512	84.210499
42	38	7.261321	84.263140
42	39	7.035258	84.315782
42	40	6.803324	84.368423
42	41	6.565517	84.421064
42	42	6.321839	84.473705
44	-44	6.316484	84.521458
44	-43	6.549451	84.569211
44	-42	6.777062	84.616964
44	-41	6.999318	84.664717
44	-40	7.216218	84.712470
44	-39	7.427763	84.760223
44	-38	7.633952	84.807976
44	-37	7.834786	84.855729
44	-36	8.030264	84.903482
44	-35	8.220387	84.951235
44	-34	8.405153	84.998988
44	-33	8.584565	85.046741
44	-32	8.758621	85.094494
44	-31	8.927321	85.142247
44	-30	9.090666	85.190000
44	-29	9.248655	85.237753
44	-28	9.401288	85.285506
44	-27	9.548566	85.333259
44	-26	9.690489	85.381012
44	-25	9.827056	85.428765
44	-24	9.958267	85.476518
44	-23	10.084123	85.524271
44	-22	10.204623	85.572024
44	-21	10.319768	85.619777
44	-20	10.429557	85.667530
44	-19	10.533990	85.715283
44	-18	10.633068	85.763036
44	-17	10.726790	85.810789
44	-16	10.815157	85.858542
44	-15	10.898168	85.906295
44	-14	10.975824	85.954048
44	-13	11.048124	86.001801
44	-12	11.115069	86.049554
44	-11	11.176658	86.097307
44	-10	11.232891	86.145060
44	-9	11.283769	86.192813
44	-8	11.329291	86.240566
44	-7	11.369458	86.288319
44	-6	11.404269	86.336072
44	-5	11.433725	86.383825
44	-4	11.457825	86.431578
44	-3	11.476569	86.479331
44	-2	11.489958	86.527084
44	-1	11.497992	86.574837
44	0	11.500669	86.622590
44	1	11.497992	86.670343
44	2	11.489958	86.718096
44	3	11.476569	86.765849
44	4	11.457825	86.813602
44	5	11.433725	86.861355
44	6	11.404269	86.909108
44	7	11.369458	86.956861
44	8	11.329291	87.004614
44	9	11.283769	87.052367
44	10	11.232891	87.100120
44	11	11.176658	87.147873
44	12	11.115069	87.195626
44	13	11.048124	87.243379
44	14	10.975824	87.291132
44	15	10.898168	87.338884
44	16	10.815157	87.386637
44	17	10.726790	87.434390
44	18	10.633068	87.482143
44	19	10.533990	87.529896
44	20	10.429557	87.577649
44	21	10.319768	87.625402
44	22	10.204623	87.673155
44	23	10.084123	87.720908
44	24	9.958267	87.768661
44	25	9.827056	87.816414
44	26	9.690489	87.864167
44	27	9.548566	87.911920
44	28	9.401288	87.959673
44	29	9.248655	88.007426
44	30	9.090666	88.055179
44	31	8.927321	88.102932
44	32	8.758621	88.150685
44	33	8.584565	88.198438
44	34	8.405153	88.246191
44	35	8.220387	88.293944
44	36	8.030264	88.341697
44	37	7.834786	88.389450
44	38	7.633952	88.437203
44	39	7.427763	88.484956
44	40	7.216218	88.532709
44	41	6.999318	88.580462
44	42	6.777062	88.628215
44	43	6.549451	88.675968
44	44	6.316484	88.723721
46	-46	6.311579	88.766846
46	-45	6.534737	88.809971
46	-44	6.752990	88.853096
46	-43	6.966339	88.896221
46	-42	7.174783	88.939346
46	-41	7.378323	88.982471
46	-40	7.576958	89.025596
46	-39	7.770688	89.068721
46	-38	7.959514	89.111846
46	-37	8.143436	89.154971
46	-36	8.322452	89.198096
46	-35	8.496564	89.241220
46	-34	8.665772	89.284345
46	-33	8.830075	89.327470
46	-32	8.989474	89.370595
46	-31	9.143968	89.413720
46	-30	9.293557	89.456845
46	-29	9.438242	89.499970
46	-28	9.578022	89.543095
46	-27	9.712898	89.586220
46	-26	9.842869	89.629345
46	-25	9.967935	89.672470
46	-24	10.088097	89.715595
46	-23	10.203355	89.758720
46	-22	10.313707	89.801845
46	-21	10.419156	89.844970
46	-20	10.519699	89.888095
46	-19	10.615338	89.931220
46	-18	10.706073	89.974345
46	-17	10.791903	90.017470
46	-16	10.872828	90.060595
46	-15	10.948849	90.103719
46	-14	11.019965	90.146844
46	-13	11.086177	90.189969
46	-12	11.147484	90.233094
46	-11	11.203887	90.276219
46	-10	11.255385	90.319344
46	-9	11.301978	90.362469
46	-8	11.343667	90.405594
46	-7	11.380451	90.448719
46	-6	11.412331	90.491844
46	-5	11.439306	90.534969
46	-4	11.461377	90.578094
46	-3	11.478543	90.621219
46	-2	11.490804	90.664344
46	-1	11.498161	90.707469
46	0	11.500613	90.750594
46	1	11.498161	90.793719
46	2	11.490804	90.836844
46	3	11.478543	90.879969
46	4	11.461377	90.923094
46	5	11.439306	90.966219
46	6	11.412331	91.009343
46	7	11.380451	91.052468
46	8	11.343667	91.095593
46	9	11.301978	91.138718
46	10	11.255385	91.181843
46	11	11.203887	91.224968
46	12	11.147484	91.268093
46	13	11.086177	91.311218
46	14	11.019965	91.354343
46	15	10.948849	91.397468
46	16	10.872828	91.440593
46	17	10.791903	91.483718
46	18	10.706073	91.526843
46	19	10.615338	91.569968
46	20	10.519699	91.613093
46	21	10.419156	91.656218
46	22	10.313707	91.699343
46	23	10.203355	91.742468
46	24	10.088097	91.785593
46	25	9.967935	91.828718
46	26	9.842869	91.871842
46	27	9.712898	91.914967
46	28	9.578022	91.958092
46	29	9.438242	92.001217
46	30	9.293557	92.044342
46	31	9.143968	92.087467
46	32	8.989474	92.130592
46	33	8.830075	92.173717
46	34	8.665772	92.216842
46	35	8.496564	92.259967
46	36	8.322452	92.303092
46	37	8.143436	92.346217
46	38	7.959514	92.389342
46	39	7.770688	92.432467
46	40	7.576958	92.475592
46	41	7.378323	92.518717
46	42	7.174783	92.561842
46	43	6.966339	92.604967
46	44	6.752990	92.648092
46	45	6.534737	92.691217
46	46	6.311579	92.734342
48	-48	6.307071	92.773113
48	-47	6.521212	92.811884
48	-46	6.730845	92.850656
48	-45	6.935970	92.889427
48	-44	7.136587	92.928198
48	-43	7.332695	92.966969
48	-42	7.524296	93.005741
48	-41	7.711388	93.044512
48	-40	7.893971	93.083283
48	-39	8.072047	93.122055
48	-38	8.245614	93.160826
48	-37	8.414673	93.199597
48	-36	8.579224	93.238369
48	-35	8.739266	93.277140
48	-34	8.894801	93.315911
48	-33	9.045827	93.354683
48	-32	9.192344	93.393454
48	-31	9.334354	93.432225
48	-30	9.471855	93.470997
48	-29	9.604848	93.509768
48	-28	9.733333	93.548539
48	-27	9.857310	93.587311
48	-26	9.976778	93.626082
48	-25	10.091738	93.664853
48	-24	10.202190	93.703625
48	-23	10.308134	93.742396
48	-22	10.409569	93.781167
48	-21	10.506497	93.819939
48	-20	10.598915	93.858710
48	-19	10.686826	93.897481
48	-18	10.770229	93.936253
48	-17	10.849123	93.975024
48	-16	10.923509	94.013795
48	-15	10.993386	94.052567
48	-14	11.058756	94.091338
48	-13	11.119617	94.130109
48	-12	11.175970	94.168881
48	-11	11.227815	94.207652
48	-10	11.275152	94.246423
48	-9	11.317980	94.285195
48	-8	11.356300	94.323966
48	-7	11.390112	94.362737
48	-6	11.419415	94.401509
48	-5	11.444211	94.440280
48	-4	11.464498	94.479051
48	-3	11.480276	94.517823
48	-2	11.491547	94.556594
48	-1	11.498309	94.595365
48	0	11.500564	94.634137
48	1	11.498309	94.672908
48	2	11.491547	94.711679
48	3	11.480276	94.750451
48	4	11.464498	94.789222
48	5	11.444211	94.827993
48	6	11.419415	94.866765
48	7	11.390112	94.905536
48	8	11.356300	94.944307
48	9	11.317980	94.983079
48	10	11.275152	95.021850
48	11	11.227815	95.060621
48	12	11.175970	95.099393
48	13	11.119617	95.138164
48	14	11.058756	95.176935
48	15	10.993386	95.215707
48	16	10.923509	95.254478
48	17	10.849123	95.293249
48	18	10.770229	95.332021
48	19	10.686826	95.370792
48	20	10.598915	95.409563
48	21	10.506497	95.448335
48	22	10.409569	95.487106
48	23	10.308134	95.525877
48	24	10.202190	95.564649
48	25	10.091738	95.603420
48	26	9.976778	95.642191
48	27	9.857310	95.680963
48	28	9.733333	95.719734
48	29	9.604848	95.758505
48	30	9.471855	95.797277
48	31	9.334354	95.836048
48	32	9.192344	95.874819
48	33	9.045827	95.913591
48	34	8.894801	95.952362
48	35	8.739266	95.991133
48	36	8.579224	96.029905
48	37	8.414673	96.068676
48	38	8.245614	96.107447
48	39	8.072047	96.146219
48	40	7.893971	96.184990
48	41	7.711388	96.223761
48	42	7.524296	96.262533
48	43	7.332695	96.301304
48	44	7.136587	96.340075
48	45	6.935970	96.378847
48	46	6.730845	96.417618
48	47	6.521212	96.456389
48	48	6.307071	96.495161
50	-50	6.302913	96.529862
50	-49	6.508738	96.564563
50	-48	6.710405	96.599265
50	-47	6.907914	96.633966
50	-46	7.101265	96.668667
50	-45	7.290458	96.703369
50	-44	7.475493	96.738070
50	-43	7.656370	96.772772
50	-42	7.833088	96.807473
50	-41	8.005649	96.842174
50	-40	8.174051	96.876876
50	-39	8.338296	96.911577
50	-38	8.498382	96.946278
50	-37	8.654310	96.980980
50	-36	8.806080	97.015681
50	-35	8.953692	97.050383
50	-34	9.097146	97.085084
50	-33	9.236442	97.119785
50	-32	9.371580	97.154487
50	-31	9.502560	97.189188
50	-30	9.629381	97.223890
50	-29	9.752045	97.258591
50	-28	9.870550	97.293292
50	-27	9.984898	97.327994
50	-26	10.095087	97.362695
50	-25	10.201118	97.397396
50	-24	10.302991	97.432098
50	-23	10.400706	97.466799
50	-22	10.494263	97.501501
50	-21	10.583662	97.536202
50	-20	10.668903	97.570903
50	-19	10.749985	97.605605
50	-18	10.826910	97.640306
50	-17	10.899676	97.675007
50	-16	10.968285	97.709709
50	-15	11.032735	97.744410
50	-14	11.093027	97.779112
50	-13	11.149162	97.813813
50	-12	11.201138	97.848514
50	-11	11.248956	97.883216
50	-10	11.292615	97.917917
50	-9	11.332117	97.952619
50	-8	11.367461	97.987320
50	-7	11.398647	98.022021
50	-6	11.425674	98.056723
50	-5	11.448544	98.091424
50	-4	11.467255	98.126125
50	-3	11.481808	98.160827
50	-2	11.492204	98.195528
50	-1	11.498441	98.230230
50	0	11.500520	98.264931
50	1	11.498441	98.299632
50	2	11.492204	98.334334
50	3	11.481808	98.369035
50	4	11.467255	98.403736
50	5	11.448544	98.438438
50	6	11.425674	98.473139
50	7	11.398647	98.507841
50	8	11.367461	98.542542
50	9	11.332117	98.577243
50	10	11.292615	98.611945
50	11	11.248956	98.646646
50	12	11.201138	98.681348
50	13	11.149162	98.716049
50	14	11.093027	98.750750
50	15	11.032735	98.785452
50	16	10.968285	98.820153
50	17	10.899676	98.854854
50	18	10.826910	98.889556
50	19	10.749985	98.924257
50	20	10.668903	98.958959
50	21	10.583662	98.993660
50	22	10.494263	99.028361
50	23	10.400706	99.063063
50	24	10.302991	99.097764
50	25	10.201118	99.132465
50	26	10.095087	99.167167
50	27	9.984898	99.201868
50	28	9.870550	99.236570
50	29	9.752045	99.271271
50	30	9.629381	99.305972
50	31	9.502560	99.340674
50	32	9.371580	99.375375
50	33	9.236442	99.410077
50	34	9.097146	99.444778
50	35	8.953692	99.479479
50	36	8.806080	99.514181
50	37	8.654310	99.548882
50	38	8.498382	99.583583
50	39	8.338296	99.618285
50	40	8.174051	99.652986
50	41	8.005649	99.687688
50	42	7.833088	99.722389
50	43	7.656370	99.757090
50	44	7.475493	99.791792
50	45	7.290458	99.826493
50	46	7.101265	99.861194
50	47	6.907914	99.895896
50	48	6.710405	99.930597
50	49	6.508738	99.965299
50	50	6.302913	100.000000
