0	0	9.733333	0.371555
2	-2	7.714286	0.739020
2	-1	10.742857	1.106485
2	0	11.752381	1.473949
2	1	10.742857	1.841414
2	2	7.714286	2.208879
4	-4	7.163636	2.566973
4	-3	9.090909	2.925067
4	-2	10.467532	3.283161
4	-1	11.293506	3.641256
4	0	11.568831	3.999350
4	1	11.293506	4.357444
4	2	10.467532	4.715539
4	3	9.090909	5.073633
4	4	7.163636	5.431727
6	-6	6.906667	5.775577
6	-5	8.320000	6.119427
6	-4	9.476364	6.463276
6	-3	10.375758	6.807126
6	-2	11.018182	7.150976
6	-1	11.403636	7.494826
6	0	11.532121	7.838676
6	1	11.403636	8.182525
6	2	11.018182	8.526375
6	3	10.375758	8.870225
6	4	9.476364	9.214075
6	5	8.320000	9.557924
6	6	6.906667	9.901774
8	-8	6.757895	10.227108
8	-7	7.873684	10.552443
8	-6	8.840702	10.877777
8	-5	9.658947	11.203111
8	-4	10.328421	11.528445
8	-3	10.849123	11.853779
8	-2	11.221053	12.179114
8	-1	11.444211	12.504448
8	0	11.518596	12.829782
8	1	11.444211	13.155116
8	2	11.221053	13.480450
8	3	10.849123	13.805784
8	4	10.328421	14.131119
8	5	9.658947	14.456453
8	6	8.840702	14.781787
8	7	7.873684	15.107121
8	8	6.757895	15.432455
10	-10	6.660870	15.735761
10	-9	7.582609	16.039066
10	-8	8.407323	16.342372
10	-7	9.135011	16.645677
10	-6	9.765675	16.948983
10	-5	10.299314	17.252288
10	-4	10.735927	17.555594
10	-3	11.075515	17.858899
10	-2	11.318078	18.162205
10	-1	11.463616	18.465510
10	0	11.512128	18.768816
10	1	11.463616	19.072121
10	2	11.318078	19.375427
10	3	11.075515	19.678732
10	4	10.735927	19.982038
10	5	10.299314	20.285343
10	6	9.765675	20.588648
10	7	9.135011	20.891954
10	8	8.407323	21.195259
10	9	7.582609	21.498565
10	10	6.660870	21.801870
12	-12	6.592593	22.080496
12	-11	7.377778	22.359121
12	-10	8.094686	22.637746
12	-9	8.743317	22.916371
12	-8	9.323671	23.194996
12	-7	9.835749	23.473622
12	-6	10.279549	23.752247
12	-5	10.655072	24.030872
12	-4	10.962319	24.309497
12	-3	11.201288	24.588122
12	-2	11.371981	24.866748
12	-1	11.474396	25.145373
12	0	11.508535	25.423998
12	1	11.474396	25.702623
12	2	11.371981	25.981248
12	3	11.201288	26.259873
12	4	10.962319	26.538499
12	5	10.655072	26.817124
12	6	10.279549	27.095749
12	7	9.835749	27.374374
12	8	9.323671	27.652999
12	9	8.743317	27.931625
12	10	8.094686	28.210250
12	11	7.377778	28.488875
12	12	6.592593	28.767500
14	-14	6.541935	29.019703
14	-13	7.225806	29.271906
14	-12	7.859020	29.524109
14	-11	8.441577	29.776312
14	-10	8.973477	30.028515
14	-9	9.454719	30.280718
14	-8	9.885305	30.532921
14	-7	10.265233	30.785124
14	-6	10.594504	31.037327
14	-5	10.873118	31.289529
14	-4	11.101075	31.541732
14	-3	11.278375	31.793935
14	-2	11.405018	32.046138
14	-1	11.481004	32.298341
14	0	11.506332	32.550544
14	1	11.481004	32.802747
14	2	11.405018	33.054950
14	3	11.278375	33.307153
14	4	11.101075	33.559356
14	5	10.873118	33.811559
14	6	10.594504	34.063762
14	7	10.265233	34.315964
14	8	9.885305	34.568167
14	9	9.454719	34.820370
14	10	8.973477	35.072573
14	11	8.441577	35.324776
14	12	7.859020	35.576979
14	13	7.225806	35.829182
14	14	6.541935	36.081385
16	-16	6.502857	36.306326
16	-15	7.108571	36.531268
16	-14	7.675207	36.756209
16	-13	8.202765	36.981151
16	-12	8.691244	37.206092
16	-11	9.140645	37.431033
16	-10	9.550968	37.655975
16	-9	9.922212	37.880916
16	-8	10.254378	38.105858
16	-7	10.547465	38.330799
16	-6	10.801475	38.555740
16	-5	11.016406	38.780682
16	-4	11.192258	39.005623
16	-3	11.329032	39.230565
16	-2	11.426728	39.455506
16	-1	11.485346	39.680448
16	0	11.504885	39.905389
16	1	11.485346	40.130330
16	2	11.426728	40.355272
16	3	11.329032	40.580213
16	4	11.192258	40.805155
16	5	11.016406	41.030096
16	6	10.801475	41.255037
16	7	10.547465	41.479979
16	8	10.254378	41.704920
16	9	9.922212	41.929862
16	10	9.550968	42.154803
16	11	9.140645	42.379744
16	12	8.691244	42.604686
16	13	8.202765	42.829627
16	14	7.675207	43.054569
16	15	7.108571	43.279510
16	16	6.502857	43.504452
18	-18	6.471795	43.702139
18	-17	7.015385	43.899826
18	-16	7.527912	44.097513
18	-15	8.009377	44.295200
18	-14	8.459780	44.492887
18	-13	8.879121	44.690574
18	-12	9.267399	44.888261
18	-11	9.624615	45.085948
18	-10	9.950769	45.283635
18	-9	10.245861	45.481323
18	-8	10.509890	45.679010
18	-7	10.742857	45.876697
18	-6	10.944762	46.074384
18	-5	11.115604	46.272071
18	-4	11.255385	46.469758
18	-3	11.364103	46.667445
18	-2	11.441758	46.865132
18	-1	11.488352	47.062819
18	0	11.503883	47.260506
18	1	11.488352	47.458193
18	2	11.441758	47.655881
18	3	11.364103	47.853568
18	4	11.255385	48.051255
18	5	11.115604	48.248942
18	6	10.944762	48.446629
18	7	10.742857	48.644316
18	8	10.509890	48.842003
18	9	10.245861	49.039690
18	10	9.950769	49.237377
18	11	9.624615	49.435064
18	12	9.267399	49.632752
18	13	8.879121	49.830439
18	14	8.459780	50.028126
18	15	8.009377	50.225813
18	16	7.527912	50.423500
18	17	7.015385	50.621187
18	18	6.471795	50.818874
20	-20	6.446512	50.990064
20	-19	6.939535	51.161253
20	-18	7.407275	51.332442
20	-17	7.849732	51.503632
20	-16	8.266905	51.674821
20	-15	8.658795	51.846010
20	-14	9.025403	52.017200
20	-13	9.366726	52.188389
20	-12	9.682767	52.359579
20	-11	9.973524	52.530768
20	-10	10.238998	52.701957
20	-9	10.479189	52.873147
20	-8	10.694097	53.044336
20	-7	10.883721	53.215525
20	-6	11.048062	53.386715
20	-5	11.187120	53.557904
20	-4	11.300894	53.729094
20	-3	11.389386	53.900283
20	-2	11.452594	54.071472
20	-1	11.490519	54.242662
20	0	11.503160	54.413851
20	1	11.490519	54.585040
20	2	11.452594	54.756230
20	3	11.389386	54.927419
20	4	11.300894	55.098609
20	5	11.187120	55.269798
20	6	11.048062	55.440987
20	7	10.883721	55.612177
20	8	10.694097	55.783366
20	9	10.479189	55.954555
20	10	10.238998	56.125745
20	11	9.973524	56.296934
20	12	9.682767	56.468124
20	13	9.366726	56.639313
20	14	9.025403	56.810502
20	15	8.658795	56.981692
20	16	8.266905	57.152881
20	17	7.849732	57.324070
20	18	7.407275	57.495260
20	19	6.939535	57.666449
20	20	6.446512	57.837639
22	-22	6.425532	57.983710
22	-21	6.876596	58.129781
22	-20	7.306680	58.275853
22	-19	7.715784	58.421924
22	-18	8.103909	58.567995
22	-17	8.471054	58.714066
22	-16	8.817219	58.860138
22	-15	9.142405	59.006209
22	-14	9.446611	59.152280
22	-13	9.729837	59.298352
22	-12	9.992083	59.444423
22	-11	10.233350	59.590494
22	-10	10.453637	59.736566
22	-9	10.652944	59.882637
22	-8	10.831272	60.028708
22	-7	10.988619	60.174779
22	-6	11.124988	60.320851
22	-5	11.240376	60.466922
22	-4	11.334785	60.612993
22	-3	11.408214	60.759065
22	-2	11.460663	60.905136
22	-1	11.492133	61.051207
22	0	11.502622	61.197279
22	1	11.492133	61.343350
22	2	11.460663	61.489421
22	3	11.408214	61.635492
22	4	11.334785	61.781564
22	5	11.240376	61.927635
22	6	11.124988	62.073706
22	7	10.988619	62.219778
22	8	10.831272	62.365849
22	9	10.652944	62.511920
22	10	10.453637	62.657992
22	11	10.233350	62.804063
22	12	9.992083	62.950134
22	13	9.729837	63.096205
22	14	9.446611	63.242277
22	15	9.142405	63.388348
22	16	8.817219	63.534419
22	17	8.471054	63.680491
22	18	8.103909	63.826562
22	19	7.715784	63.972633
22	20	7.306680	64.118704
22	21	6.876596	64.264776
22	22	6.425532	64.410847
24	-24	6.407843	64.533660
24	-23	6.823529	64.656472
24	-22	7.221527	64.779285
24	-21	7.601836	64.902097
24	-20	7.964456	65.024910
24	-19	8.309387	65.147722
24	-18	8.636629	65.270535
24	-17	8.946183	65.393347
24	-16	9.238048	65.516160
24	-15	9.512224	65.638972
24	-14	9.768711	65.761785
24	-13	10.007509	65.884597
24	-12	10.228619	66.007410
24	-11	10.432040	66.130222
24	-10	10.617772	66.253035
24	-9	10.785816	66.375847
24	-8	10.936170	66.498660
24	-7	11.068836	66.621472
24	-6	11.183813	66.744285
24	-5	11.281101	66.867097
24	-4	11.360701	66.989910
24	-3	11.422612	67.112722
24	-2	11.466834	67.235535
24	-1	11.493367	67.358347
24	0	11.502211	67.481160
24	1	11.493367	67.603972
24	2	11.466834	67.726785
24	3	11.422612	67.849597
24	4	11.360701	67.972409
24	5	11.281101	68.095222
24	6	11.183813	68.218034
24	7	11.068836	68.340847
24	8	10.936170	68.463659
24	9	10.785816	68.586472
24	10	10.617772	68.709284
24	11	10.432040	68.832097
24	12	10.228619	68.954909
24	13	10.007509	69.077722
24	14	9.768711	69.200534
24	15	9.512224	69.323347
24	16	9.238048	69.446159
24	17	8.946183	69.568972
24	18	8.636629	69.691784
24	19	8.309387	69.814597
24	20	7.964456	69.937409
24	21	7.601836	70.060222
24	22	7.221527	70.183034
24	23	6.823529	70.305847
24	24	6.407843	70.428659
26	-26	6.392727	70.530404
26	-25	6.778182	70.632148
26	-24	7.148520	70.733892
26	-23	7.503743	70.835636
26	-22	7.843850	70.937381
26	-21	8.168841	71.039125
26	-20	8.478717	71.140869
26	-19	8.773476	71.242613
26	-18	9.053119	71.344358
26	-17	9.317647	71.446102
26	-16	9.567059	71.547846
26	-15	9.801355	71.649590
26	-14	10.020535	71.751334
26	-13	10.224599	71.853079
26	-12	10.413547	71.954823
26	-11	10.587380	72.056567
26	-10	10.746096	72.158311
26	-9	10.889697	72.260056
26	-8	11.018182	72.361800
26	-7	11.131551	72.463544
26	-6	11.229804	72.565288
26	-5	11.312941	72.667033
26	-4	11.380963	72.768777
26	-3	11.433868	72.870521
26	-2	11.471658	72.972265
26	-1	11.494332	73.074010
26	0	11.501889	73.175754
26	1	11.494332	73.277498
26	2	11.471658	73.379242
26	3	11.433868	73.480987
26	4	11.380963	73.582731
26	5	11.312941	73.684475
26	6	11.229804	73.786219
26	7	11.131551	73.887963
26	8	11.018182	73.989708
26	9	10.889697	74.091452
26	10	10.746096	74.193196
26	11	10.587380	74.294940
26	12	10.413547	74.396685
26	13	10.224599	74.498429
26	14	10.020535	74.600173
26	15	9.801355	74.701917
26	16	9.567059	74.803662
26	17	9.317647	74.905406
26	18	9.053119	75.007150
26	19	8.773476	75.108894
26	20	8.478717	75.210639
26	21	8.168841	75.312383
26	22	7.843850	75.414127
26	23	7.503743	75.515871
26	24	7.148520	75.617615
26	25	6.778182	75.719360
26	26	6.392727	75.821104
28	-28	6.379661	75.904159
28	-27	6.738983	75.987214
28	-26	7.085239	76.070269
28	-25	7.418428	76.153325
28	-24	7.738552	76.236380
28	-23	8.045609	76.319435
28	-22	8.339599	76.402490
28	-21	8.620524	76.485545
28	-20	8.888382	76.568600
28	-19	9.143174	76.651656
28	-18	9.384900	76.734711
28	-17	9.613559	76.817766
28	-16	9.829153	76.900821
28	-15	10.031680	76.983876
28	-14	10.221140	77.066931
28	-13	10.397535	77.149987
28	-12	10.560863	77.233042
28	-11	10.711125	77.316097
28	-10	10.848320	77.399152
28	-9	10.972450	77.482207
28	-8	11.083513	77.565262
28	-7	11.181510	77.648318
28	-6	11.266441	77.731373
28	-5	11.338305	77.814428
28	-4	11.397103	77.897483
28	-3	11.442835	77.980538
28	-2	11.475501	78.063593
28	-1	11.495100	78.146649
28	0	11.501633	78.229704
28	1	11.495100	78.312759
28	2	11.475501	78.395814
28	3	11.442835	78.478869
28	4	11.397103	78.561924
28	5	11.338305	78.644980
28	6	11.266441	78.728035
28	7	11.181510	78.811090
28	8	11.083513	78.894145
28	9	10.972450	78.977200
28	10	10.848320	79.060256
28	11	10.711125	79.143311
28	12	10.560863	79.226366
28	13	10.397535	79.309421
28	14	10.221140	79.392476
28	15	10.031680	79.475531
28	16	9.829153	79.558587
28	17	9.613559	79.641642
28	18	9.384900	79.724697
28	19	9.143174	79.807752
28	20	8.888382	79.890807
28	21	8.620524	79.973862
28	22	8.339599	80.056918
28	23	8.045609	80.139973
28	24	7.738552	80.223028
28	25	7.418428	80.306083
28	26	7.085239	80.389138
28	27	6.738983	80.472193
28	28	6.379661	80.555249
30	-30	6.368254	80.622054
30	-29	6.704762	80.688860
30	-28	7.029863	80.755665
30	-27	7.343557	80.822471
30	-26	7.645843	80.889277
30	-25	7.936723	80.956082
30	-24	8.216196	81.022888
30	-23	8.484262	81.089694
30	-22	8.740920	81.156499
30	-21	8.986172	81.223305
30	-20	9.220016	81.290111
30	-19	9.442454	81.356916
30	-18	9.653484	81.423722
30	-17	9.853107	81.490527
30	-16	10.041324	81.557333
30	-15	10.218133	81.624139
30	-14	10.383535	81.690944
30	-13	10.537530	81.757750
30	-12	10.680118	81.824556
30	-11	10.811299	81.891361
30	-10	10.931073	81.958167
30	-9	11.039440	82.024972
30	-8	11.136400	82.091778
30	-7	11.221953	82.158584
30	-6	11.296099	82.225389
30	-5	11.358838	82.292195
30	-4	11.410169	82.359001
30	-3	11.450094	82.425806
30	-2	11.478612	82.492612
30	-1	11.495722	82.559418
30	0	11.501426	82.626223
30	1	11.495722	82.693029
30	2	11.478612	82.759834
30	3	11.450094	82.826640
30	4	11.410169	82.893446
30	5	11.358838	82.960251
30	6	11.296099	83.027057
30	7	11.221953	83.093863
30	8	11.136400	83.160668
30	9	11.039440	83.227474
30	10	10.931073	83.294280
30	11	10.811299	83.361085
30	12	10.680118	83.427891
30	13	10.537530	83.494696
30	14	10.383535	83.561502
30	15	10.218133	83.628308
30	16	10.041324	83.695113
30	17	9.853107	83.761919
30	18	9.653484	83.828725
30	19	9.442454	83.895530
30	20	9.220016	83.962336
30	21	8.986172	84.029142
30	22	8.740920	84.095947
30	23	8.484262	84.162753
30	24	8.216196	84.229558
30	25	7.936723	84.296364
30	26	7.645843	84.363170
30	27	7.343557	84.429975
30	28	7.029863	84.496781
30	29	6.704762	84.563587
30	30	6.368254	84.630392
32	-32	6.358209	84.683340
32	-31	6.674627	84.736288
32	-30	6.981000	84.789236
32	-29	7.277328	84.842184
32	-28	7.563611	84.895132
32	-27	7.839848	84.948080
32	-26	8.106041	85.001028
32	-25	8.362189	85.053976
32	-24	8.608292	85.106924
32	-23	8.844350	85.159872
32	-22	9.070362	85.212820
32	-21	9.286330	85.265768
32	-20	9.492253	85.318716
32	-19	9.688131	85.371663
32	-18	9.873964	85.424611
32	-17	10.049751	85.477559
32	-16	10.215494	85.530507
32	-15	10.371192	85.583455
32	-14	10.516844	85.636403
32	-13	10.652452	85.689351
32	-12	10.778015	85.742299
32	-11	10.893532	85.795247
32	-10	10.999005	85.848195
32	-9	11.094433	85.901143
32	-8	11.179815	85.954091
32	-7	11.255153	86.007039
32	-6	11.320445	86.059987
32	-5	11.375693	86.112935
32	-4	11.420896	86.165883
32	-3	11.456053	86.218831
32	-2	11.481166	86.271779
32	-1	11.496233	86.324727
32	0	11.501256	86.377674
32	1	11.496233	86.430622
32	2	11.481166	86.483570
32	3	11.456053	86.536518
32	4	11.420896	86.589466
32	5	11.375693	86.642414
32	6	11.320445	86.695362
32	7	11.255153	86.748310
32	8	11.179815	86.801258
32	9	11.094433	86.854206
32	10	10.999005	86.907154
32	11	10.893532	86.960102
32	12	10.778015	87.013050
32	13	10.652452	87.065998
32	14	10.516844	87.118946
32	15	10.371192	87.171894
32	16	10.215494	87.224842
32	17	10.049751	87.277790
32	18	9.873964	87.330737
32	19	9.688131	87.383685
32	20	9.492253	87.436633
32	21	9.286330	87.489581
32	22	9.070362	87.542529
32	23	8.844350	87.595477
32	24	8.608292	87.648425
32	25	8.362189	87.701373
32	26	8.106041	87.754321
32	27	7.839848	87.807269
32	28	7.563611	87.860217
32	29	7.277328	87.913165
32	30	6.981000	87.966113
32	31	6.674627	88.019061
32	32	6.358209	88.072009
34	-34	6.349296	88.113359
34	-33	6.647887	88.154709
34	-32	6.937566	88.196059
34	-31	7.218331	88.237408
34	-30	7.490183	88.278758
34	-29	7.753122	88.320108
34	-28	8.007147	88.361458
34	-27	8.252260	88.402808
34	-26	8.488459	88.444158
34	-25	8.715745	88.485508
34	-24	8.934118	88.526858
34	-23	9.143578	88.568208
34	-22	9.344124	88.609558
34	-21	9.535758	88.650908
34	-20	9.718478	88.692258
34	-19	9.892285	88.733608
34	-18	10.057179	88.774957
34	-17	10.213160	88.816307
34	-16	10.360227	88.857657
34	-15	10.498381	88.899007
34	-14	10.627622	88.940357
34	-13	10.747950	88.981707
34	-12	10.859365	89.023057
34	-11	10.961867	89.064407
34	-10	11.055455	89.105757
34	-9	11.140130	89.147107
34	-8	11.215892	89.188457
34	-7	11.282741	89.229807
34	-6	11.340677	89.271157
34	-5	11.389699	89.312506
34	-4	11.429809	89.353856
34	-3	11.461005	89.395206
34	-2	11.483288	89.436556
34	-1	11.496658	89.477906
34	0	11.501114	89.519256
34	1	11.496658	89.560606
34	2	11.483288	89.601956
34	3	11.461005	89.643306
34	4	11.429809	89.684656
34	5	11.389699	89.726006
34	6	11.340677	89.767356
34	7	11.282741	89.808706
34	8	11.215892	89.850056
34	9	11.140130	89.891405
34	10	11.055455	89.932755
34	11	10.961867	89.974105
34	12	10.859365	90.015455
34	13	10.747950	90.056805
34	14	10.627622	90.098155
34	15	10.498381	90.139505
34	16	10.360227	90.180855
34	17	10.213160	90.222205
34	18	10.057179	90.263555
34	19	9.892285	90.304905
34	20	9.718478	90.346255
34	21	9.535758	90.387605
34	22	9.344124	90.428954
34	23	9.143578	90.470304
34	24	8.934118	90.511654
34	25	8.715745	90.553004
34	26	8.488459	90.594354
34	27	8.252260	90.635704
34	28	8.007147	90.677054
34	29	7.753122	90.718404
34	30	7.490183	90.759754
34	31	7.218331	90.801104
34	32	6.937566	90.842454
34	33	6.647887	90.883804
34	34	6.349296	90.925154
36	-36	6.341333	90.956973
36	-35	6.624000	90.988792
36	-34	6.898704	91.020611
36	-33	7.165446	91.052431
36	-32	7.424225	91.084250
36	-31	7.675042	91.116069
36	-30	7.917897	91.147888
36	-29	8.152789	91.179708
36	-28	8.379718	91.211527
36	-27	8.598685	91.243346
36	-26	8.809690	91.275165
36	-25	9.012732	91.306985
36	-24	9.207812	91.338804
36	-23	9.394930	91.370623
36	-22	9.574085	91.402442
36	-21	9.745277	91.434262
36	-20	9.908507	91.466081
36	-19	10.063775	91.497900
36	-18	10.211080	91.529719
36	-17	10.350423	91.561539
36	-16	10.481803	91.593358
36	-15	10.605221	91.625177
36	-14	10.720676	91.656996
36	-13	10.828169	91.688816
36	-12	10.927700	91.720635
36	-11	11.019268	91.752454
36	-10	11.102873	91.784273
36	-9	11.178516	91.816093
36	-8	11.246197	91.847912
36	-7	11.305915	91.879731
36	-6	11.357671	91.911550
36	-5	11.401465	91.943370
36	-4	11.437296	91.975189
36	-3	11.465164	92.007008
36	-2	11.485070	92.038827
36	-1	11.497014	92.070647
36	0	11.500995	92.102466
36	1	11.497014	92.134285
36	2	11.485070	92.166104
36	3	11.465164	92.197924
36	4	11.437296	92.229743
36	5	11.401465	92.261562
36	6	11.357671	92.293381
36	7	11.305915	92.325201
36	8	11.246197	92.357020
36	9	11.178516	92.388839
36	10	11.102873	92.420658
36	11	11.019268	92.452478
36	12	10.927700	92.484297
36	13	10.828169	92.516116
36	14	10.720676	92.547935
36	15	10.605221	92.579755
36	16	10.481803	92.611574
36	17	10.350423	92.643393
36	18	10.211080	92.675212
36	19	10.063775	92.707032
36	20	9.908507	92.738851
36	21	9.745277	92.770670
36	22	9.574085	92.802489
36	23	9.394930	92.834309
36	24	9.207812	92.866128
36	25	9.012732	92.897947
36	26	8.809690	92.929766
36	27	8.598685	92.961586
36	28	8.379718	92.993405
36	29	8.152789	93.025224
36	30	7.917897	93.057043
36	31	7.675042	93.088863
36	32	7.424225	93.120682
36	33	7.165446	93.152501
36	34	6.898704	93.184320
36	35	6.624000	93.216140
36	36	6.341333	93.247959
38	-38	6.334177	93.272085
38	-37	6.602532	93.296212
38	-36	6.863730	93.320338
38	-35	7.117772	93.344465
38	-34	7.364658	93.368591
38	-33	7.604388	93.392718
38	-32	7.836962	93.416844
38	-31	8.062380	93.440971
38	-30	8.280641	93.465097
38	-29	8.491747	93.489224
38	-28	8.695696	93.513351
38	-27	8.892489	93.537477
38	-26	9.082127	93.561604
38	-25	9.264608	93.585730
38	-24	9.439932	93.609857
38	-23	9.608101	93.633983
38	-22	9.769114	93.658110
38	-21	9.922970	93.682236
38	-20	10.069671	93.706363
38	-19	10.209215	93.730489
38	-18	10.341603	93.754616
38	-17	10.466835	93.778742
38	-16	10.584911	93.802869
38	-15	10.695831	93.826995
38	-14	10.799595	93.851122
38	-13	10.896203	93.875248
38	-12	10.985654	93.899375
38	-11	11.067949	93.923501
38	-10	11.143089	93.947628
38	-9	11.211072	93.971754
38	-8	11.271899	93.995881
38	-7	11.325570	94.020007
38	-6	11.372084	94.044134
38	-5	11.411443	94.068261
38	-4	11.443646	94.092387
38	-3	11.468692	94.116514
38	-2	11.486582	94.140640
38	-1	11.497316	94.164767
38	0	11.500895	94.188893
38	1	11.497316	94.213020
38	2	11.486582	94.237146
38	3	11.468692	94.261273
38	4	11.443646	94.285399
38	5	11.411443	94.309526
38	6	11.372084	94.333652
38	7	11.325570	94.357779
38	8	11.271899	94.381905
38	9	11.211072	94.406032
38	10	11.143089	94.430158
38	11	11.067949	94.454285
38	12	10.985654	94.478411
38	13	10.896203	94.502538
38	14	10.799595	94.526664
38	15	10.695831	94.550791
38	16	10.584911	94.574917
38	17	10.466835	94.599044
38	18	10.341603	94.623171
38	19	10.209215	94.647297
38	20	10.069671	94.671424
38	21	9.922970	94.695550
38	22	9.769114	94.719677
38	23	9.608101	94.743803
38	24	9.439932	94.767930
38	25	9.264608	94.792056
38	26	9.082127	94.816183
38	27	8.892489	94.840309
38	28	8.695696	94.864436
38	29	8.491747	94.888562
38	30	8.280641	94.912689
38	31	8.062380	94.936815
38	32	7.836962	94.960942
38	33	7.604388	94.985068
38	34	7.364658	95.009195
38	35	7.117772	95.033321
38	36	6.863730	95.057448
38	37	6.602532	95.081574
38	38	6.334177	95.105701
40	-40	6.327711	95.123727
40	-39	6.583133	95.141752
40	-38	6.832088	95.159778
40	-37	7.074577	95.177803
40	-36	7.310599	95.195829
40	-35	7.540156	95.213854
40	-34	7.763245	95.231880
40	-33	7.979869	95.249906
40	-32	8.190026	95.267931
40	-31	8.393717	95.285957
40	-30	8.590941	95.303982
40	-29	8.781699	95.322008
40	-28	8.965991	95.340033
40	-27	9.143816	95.358059
40	-26	9.315175	95.376085
40	-25	9.480067	95.394110
40	-24	9.638493	95.412136
40	-23	9.790453	95.430161
40	-22	9.935946	95.448187
40	-21	10.074973	95.466212
40	-20	10.207534	95.484238
40	-19	10.333628	95.502264
40	-18	10.453256	95.520289
40	-17	10.566418	95.538315
40	-16	10.673113	95.556340
40	-15	10.773341	95.574366
40	-14	10.867104	95.592391
40	-13	10.954400	95.610417
40	-12	11.035230	95.628443
40	-11	11.109593	95.646468
40	-10	11.177490	95.664494
40	-9	11.238920	95.682519
40	-8	11.293884	95.700545
40	-7	11.342382	95.718570
40	-6	11.384414	95.736596
40	-5	11.419979	95.754622
40	-4	11.449077	95.772647
40	-3	11.471710	95.790673
40	-2	11.487876	95.808698
40	-1	11.497575	95.826724
40	0	11.500808	95.844749
40	1	11.497575	95.862775
40	2	11.487876	95.880801
40	3	11.471710	95.898826
40	4	11.449077	95.916852
40	5	11.419979	95.934877
40	6	11.384414	95.952903
40	7	11.342382	95.970928
40	8	11.293884	95.988954
40	9	11.238920	96.006980
40	10	11.177490	96.025005
40	11	11.109593	96.043031
40	12	11.035230	96.061056
40	13	10.954400	96.079082
40	14	10.867104	96.097108
40	15	10.773341	96.115133
40	16	10.673113	96.133159
40	17	10.566418	96.151184
40	18	10.453256	96.169210
40	19	10.333628	96.187235
40	20	10.207534	96.205261
40	21	10.074973	96.223287
40	22	9.935946	96.241312
40	23	9.790453	96.259338
40	24	9.638493	96.277363
40	25	9.480067	96.295389
40	26	9.315175	96.313414
40	27	9.143816	96.331440
40	28	8.965991	96.349466
40	29	8.781699	96.367491
40	30	8.590941	96.385517
40	31	8.393717	96.403542
40	32	8.190026	96.421568
40	33	7.979869	96.439593
40	34	7.763245	96.457619
40	35	7.540156	96.475645
40	36	7.310599	96.493670
40	37	7.074577	96.511696
40	38	6.832088	96.529721
40	39	6.583133	96.547747
40	40	6.327711	96.565772
42	-42	6.321839	96.579042
42	-41	6.565517	96.592313
42	-40	6.803324	96.605583
42	-39	7.035258	96.618853
42	-38	7.261321	96.632123
42	-37	7.481512	96.645393
42	-36	7.695832	96.658663
42	-35	7.904279	96.671933
42	-34	8.106855	96.685203
42	-33	8.303559	96.698473
42	-32	8.494391	96.711743
42	-31	8.679352	96.725013
42	-30	8.858441	96.738283
42	-29	9.031658	96.751553
42	-28	9.199003	96.764823
42	-27	9.360476	96.778093
42	-26	9.516078	96.791364
42	-25	9.665808	96.804634
42	-24	9.809666	96.817904
42	-23	9.947653	96.831174
42	-22	10.079767	96.844444
42	-21	10.206010	96.857714
42	-20	10.326381	96.870984
42	-19	10.440881	96.884254
42	-18	10.549508	96.897524
42	-17	10.652264	96.910794
42	-16	10.749148	96.924064
42	-15	10.840161	96.937334
42	-14	10.925301	96.950604
42	-13	11.004570	96.963874
42	-12	11.077967	96.977144
42	-11	11.145492	96.990415
42	-10	11.207146	97.003685
42	-9	11.262928	97.016955
42	-8	11.312838	97.030225
42	-7	11.356876	97.043495
42	-6	11.395042	97.056765
42	-5	11.427337	97.070035
42	-4	11.453760	97.083305
42	-3	11.474311	97.096575
42	-2	11.488990	97.109845
42	-1	11.497798	97.123115
42	0	11.500734	97.136385
42	1	11.497798	97.149655
42	2	11.488990	97.162925
42	3	11.474311	97.176195
42	4	11.453760	97.189465
42	5	11.427337	97.202736
42	6	11.395042	97.216006
42	7	11.356876	97.229276
42	8	11.312838	97.242546
42	9	11.262928	97.255816
42	10	11.207146	97.269086
42	11	11.145492	97.282356
42	12	11.077967	97.295626
42	13	11.004570	97.308896
42	14	10.925301	97.322166
42	15	10.840161	97.335436
42	16	10.749148	97.348706
42	17	10.652264	97.361976
42	18	10.549508	97.375246
42	19	10.440881	97.388516
42	20	10.326381	97.401787
42	21	10.206010	97.415057
42	22	10.079767	97.428327
42	23	9.947653	97.441597
42	24	9.809666	97.454867
42	25	9.665808	97.468137
42	26	9.516078	97.481407
42	27	9.360476	97.494677
42	28	9.199003	97.507947
42	29	9.031658	97.521217
42	30	8.858441	97.534487
42	31	8.679352	97.547757
42	32	8.494391	97.561027
42	33	8.303559	97.574297
42	34	8.106855	97.587567
42	35	7.904279	97.600838
42	36	7.695832	97.614108
42	37	7.481512	97.627378
42	38	7.261321	97.640648
42	39	7.035258	97.653918
42	40	6.803324	97.667188
42	41	6.565517	97.680458
42	42	6.321839	97.693728
44	-44	6.316484	97.703354
44	-43	6.549451	97.712980
44	-42	6.777062	97.722606
44	-41	6.999318	97.732232
44	-40	7.216218	97.741858
44	-39	7.427763	97.751484
44	-38	7.633952	97.761110
44	-37	7.834786	97.770736
44	-36	8.030264	97.780362
44	-35	8.220387	97.789988
44	-34	8.405153	97.799614
44	-33	8.584565	97.809240
44	-32	8.758621	97.818866
44	-31	8.927321	97.828492
44	-30	9.090666	97.838118
44	-29	9.248655	97.847744
44	-28	9.401288	97.857370
44	-27	9.548566	97.866996
44	-26	9.690489	97.876622
44	-25	9.827056	97.886248
44	-24	9.958267	97.895874
44	-23	10.084123	97.905500
44	-22	10.204623	97.915126
44	-21	10.319768	97.924752
44	-20	10.429557	97.934378
44	-19	10.533990	97.944004
44	-18	10.633068	97.953630
44	-17	10.726790	97.963256
44	-16	10.815157	97.972882
44	-15	10.898168	97.982508
44	-14	10.975824	97.992135
44	-13	11.048124	98.001761
44	-12	11.115069	98.011387
44	-11	11.176658	98.021013
44	-10	11.232891	98.030639
44	-9	11.283769	98.040265
44	-8	11.329291	98.049891
44	-7	11.369458	98.059517
44	-6	11.404269	98.069143
44	-5	11.433725	98.078769
44	-4	11.457825	98.088395
44	-3	11.476569	98.098021
44	-2	11.489958	98.107647
44	-1	11.497992	98.117273
44	0	11.500669	98.126899
44	1	11.497992	98.136525
44	2	11.489958	98.146151
44	3	11.476569	98.155777
44	4	11.457825	98.165403
44	5	11.433725	98.175029
44	6	11.404269	98.184655
44	7	11.369458	98.194281
44	8	11.329291	98.203907
44	9	11.283769	98.213533
44	10	11.232891	98.223159
44	11	11.176658	98.232785
44	12	11.115069	98.242411
44	13	11.048124	98.252037
44	14	10.975824	98.261663
44	15	10.898168	98.271289
44	16	10.815157	98.280915
44	17	10.726790	98.290541
44	18	10.633068	98.300167
44	19	10.533990	98.309793
44	20	10.429557	98.319419
44	21	10.319768	98.329045
44	22	10.204623	98.338671
44	23	10.084123	98.348297
44	24	9.958267	98.357923
44	25	9.827056	98.367549
44	26	9.690489	98.377175
44	27	9.548566	98.386801
44	28	9.401288	98.396427
44	29	9.248655	98.406053
44	30	9.090666	98.415679
44	31	8.927321	98.425305
44	32	8.758621	98.434931
44	33	8.584565	98.444557
44	34	8.405153	98.454183
44	35	8.220387	98.463809
44	36	8.030264	98.473435
44	37	7.834786	98.483061
44	38	7.633952	98.492687
44	39	7.427763	98.502313
44	40	7.216218	98.511939
44	41	6.999318	98.521565
44	42	6.777062	98.531191
44	43	6.549451	98.540817
44	44	6.316484	98.550443
46	-46	6.311579	98.557324
46	-45	6.534737	98.564204
46	-44	6.752990	98.571084
46	-43	6.966339	98.577965
46	-42	7.174783	98.584845
46	-41	7.378323	98.591726
46	-40	7.576958	98.598606
46	-39	7.770688	98.605486
46	-38	7.959514	98.612367
46	-37	8.143436	98.619247
46	-36	8.322452	98.626127
46	-35	8.496564	98.633008
46	-34	8.665772	98.639888
46	-33	8.830075	98.646768
46	-32	8.989474	98.653649
46	-31	9.143968	98.660529
46	-30	9.293557	98.667409
46	-29	9.438242	98.674290
46	-28	9.578022	98.681170
46	-27	9.712898	98.688050
46	-26	9.842869	98.694931
46	-25	9.967935	98.701811
46	-24	10.088097	98.708691
46	-23	10.203355	98.715572
46	-22	10.313707	98.722452
46	-21	10.419156	98.729332
46	-20	10.519699	98.736213
46	-19	10.615338	98.743093
46	-18	10.706073	98.749973
46	-17	10.791903	98.756854
46	-16	10.872828	98.763734
46	-15	10.948849	98.770614
46	-14	11.019965	98.777495
46	-13	11.086177	98.784375
46	-12	11.147484	98.791255
46	-11	11.203887	98.798136
46	-10	11.255385	98.805016
46	-9	11.301978	98.811896
46	-8	11.343667	98.818777
46	-7	11.380451	98.825657
46	-6	11.412331	98.832537
46	-5	11.439306	98.839418
46	-4	11.461377	98.846298
46	-3	11.478543	98.853178
46	-2	11.490804	98.860059
46	-1	11.498161	98.866939
46	0	11.500613	98.873819
46	1	11.498161	98.880700
46	2	11.490804	98.887580
46	3	11.478543	98.894460
46	4	11.461377	98.901341
46	5	11.439306	98.908221
46	6	11.412331	98.915101
46	7	11.380451	98.921982
46	8	11.343667	98.928862
46	9	11.301978	98.935742
46	10	11.255385	98.942623
46	11	11.203887	98.949503
46	12	11.147484	98.956383
46	13	11.086177	98.963264
46	14	11.019965	98.970144
46	15	10.948849	98.977024
46	16	10.872828	98.983905
46	17	10.791903	98.990785
46	18	10.706073	98.997665
46	19	10.615338	99.004546
46	20	10.519699	99.011426
46	21	10.419156	99.018306
46	22	10.313707	99.025187
46	23	10.203355	99.032067
46	24	10.088097	99.038947
46	25	9.967935	99.045828
46	26	9.842869	99.052708
46	27	9.712898	99.059588
46	28	9.578022	99.066469
46	29	9.438242	99.073349
46	30	9.293557	99.080229
46	31	9.143968	99.087110
46	32	8.989474	99.093990
46	33	8.830075	99.100870
46	34	8.665772	99.107751
46	35	8.496564	99.114631
46	36	8.322452	99.121512
46	37	8.143436	99.128392
46	38	7.959514	99.135272
46	39	7.770688	99.142153
46	40	7.576958	99.149033
46	41	7.378323	99.155913
46	42	7.174783	99.162794
46	43	6.966339	99.169674
46	44	6.752990	99.176554
46	45	6.534737	99.183435
46	46	6.311579	99.190315
48	-48	6.307071	99.195161
48	-47	6.521212	99.200006
48	-46	6.730845	99.204852
48	-45	6.935970	99.209698
48	-44	7.136587	99.214544
48	-43	7.332695	99.219389
48	-42	7.524296	99.224235
48	-41	7.711388	99.229081
48	-40	7.893971	99.233927
48	-39	8.072047	99.238773
48	-38	8.245614	99.243618
48	-37	8.414673	99.248464
48	-36	8.579224	99.253310
48	-35	8.739266	99.258156
48	-34	8.894801	99.263001
48	-33	9.045827	99.267847
48	-32	9.192344	99.272693
48	-31	9.334354	99.277539
48	-30	9.471855	99.282384
48	-29	9.604848	99.287230
48	-28	9.733333	99.292076
48	-27	9.857310	99.296922
48	-26	9.976778	99.301768
48	-25	10.091738	99.306613
48	-24	10.202190	99.311459
48	-23	10.308134	99.316305
48	-22	10.409569	99.321151
48	-21	10.506497	99.325996
48	-20	10.598915	99.330842
48	-19	10.686826	99.335688
48	-18	10.770229	99.340534
48	-17	10.849123	99.345379
48	-16	10.923509	99.350225
48	-15	10.993386	99.355071
48	-14	11.058756	99.359917
48	-13	11.119617	99.364762
48	-12	11.175970	99.369608
48	-11	11.227815	99.374454
48	-10	11.275152	99.379300
48	-9	11.317980	99.384146
48	-8	11.356300	99.388991
48	-7	11.390112	99.393837
48	-6	11.419415	99.398683
48	-5	11.444211	99.403529
48	-4	11.464498	99.408374
48	-3	11.480276	99.413220
48	-2	11.491547	99.418066
48	-1	11.498309	99.422912
48	0	11.500564	99.427757
48	1	11.498309	99.432603
48	2	11.491547	99.437449
48	3	11.480276	99.442295
48	4	11.464498	99.447141
48	5	11.444211	99.451986
48	6	11.419415	99.456832
48	7	11.390112	99.461678
48	8	11.356300	99.466524
48	9	11.317980	99.471369
48	10	11.275152	99.476215
48	11	11.227815	99.481061
48	12	11.175970	99.485907
48	13	11.119617	99.490752
48	14	11.058756	99.495598
48	15	10.993386	99.500444
48	16	10.923509	99.505290
48	17	10.849123	99.510135
48	18	10.770229	99.514981
48	19	10.686826	99.519827
48	20	10.598915	99.524673
48	21	10.506497	99.529519
48	22	10.409569	99.534364
48	23	10.308134	99.539210
48	24	10.202190	99.544056
48	25	10.091738	99.548902
48	26	9.976778	99.553747
48	27	9.857310	99.558593
48	28	9.733333	99.563439
48	29	9.604848	99.568285
48	30	9.471855	99.573130
48	31	9.334354	99.577976
48	32	9.192344	99.582822
48	33	9.045827	99.587668
48	34	8.894801	99.592514
48	35	8.739266	99.597359
48	36	8.579224	99.602205
48	37	8.414673	99.607051
48	38	8.245614	99.611897
48	39	8.072047	99.616742
48	40	7.893971	99.621588
48	41	7.711388	99.626434
48	42	7.524296	99.631280
48	43	7.332695	99.636125
48	44	7.136587	99.640971
48	45	6.935970	99.645817
48	46	6.730845	99.650663
48	47	6.521212	99.655508
48	48	6.307071	99.660354
50	-50	6.302913	99.663717
50	-49	6.508738	99.667080
50	-48	6.710405	99.670443
50	-47	6.907914	99.673806
50	-46	7.101265	99.677168
50	-45	7.290458	99.680531
50	-44	7.475493	99.683894
50	-43	7.656370	99.687257
50	-42	7.833088	99.690620
50	-41	8.005649	99.693983
50	-40	8.174051	99.697345
50	-39	8.338296	99.700708
50	-38	8.498382	99.704071
50	-37	8.654310	99.707434
50	-36	8.806080	99.710797
50	-35	8.953692	99.714160
50	-34	9.097146	99.717522
50	-33	9.236442	99.720885
50	-32	9.371580	99.724248
50	-31	9.502560	99.727611
50	-30	9.629381	99.730974
50	-29	9.752045	99.734336
50	-28	9.870550	99.737699
50	-27	9.984898	99.741062
50	-26	10.095087	99.744425
50	-25	10.201118	99.747788
50	-24	10.302991	99.751151
50	-23	10.400706	99.754513
50	-22	10.494263	99.757876
50	-21	10.583662	99.761239
50	-20	10.668903	99.764602
50	-19	10.749985	99.767965
50	-18	10.826910	99.771328
50	-17	10.899676	99.774690
50	-16	10.968285	99.778053
50	-15	11.032735	99.781416
50	-14	11.093027	99.784779
50	-13	11.149162	99.788142
50	-12	11.201138	99.791505
50	-11	11.248956	99.794867
50	-10	11.292615	99.798230
50	-9	11.332117	99.801593
50	-8	11.367461	99.804956
50	-7	11.398647	99.808319
50	-6	11.425674	99.811682
50	-5	11.448544	99.815044
50	-4	11.467255	99.818407
50	-3	11.481808	99.821770
50	-2	11.492204	99.825133
50	-1	11.498441	99.828496
50	0	11.500520	99.831859
50	1	11.498441	99.835221
50	2	11.492204	99.838584
50	3	11.481808	99.841947
50	4	11.467255	99.845310
50	5	11.448544	99.848673
50	6	11.425674	99.852036
50	7	11.398647	99.855398
50	8	11.367461	99.858761
50	9	11.332117	99.862124
50	10	11.292615	99.865487
50	11	11.248956	99.868850
50	12	11.201138	99.872212
50	13	11.149162	99.875575
50	14	11.093027	99.878938
50	15	11.032735	99.882301
50	16	10.968285	99.885664
50	17	10.899676	99.889027
50	18	10.826910	99.892389
50	19	10.749985	99.895752
50	20	10.668903	99.899115
50	21	10.583662	99.902478
50	22	10.494263	99.905841
50	23	10.400706	99.909204
50	24	10.302991	99.912566
50	25	10.201118	99.915929
50	26	10.095087	99.919292
50	27	9.984898	99.922655
50	28	9.870550	99.926018
50	29	9.752045	99.929381
50	30	9.629381	99.932743
50	31	9.502560	99.936106
50	32	9.371580	99.939469
50	33	9.236442	99.942832
50	34	9.097146	99.946195
50	35	8.953692	99.949558
50	36	8.806080	99.952920
50	37	8.654310	99.956283
50	38	8.498382	99.959646
50	39	8.338296	99.963009
50	40	8.174051	99.966372
50	41	8.005649	99.969735
50	42	7.833088	99.973097
50	43	7.656370	99.976460
50	44	7.475493	99.979823
50	45	7.290458	99.983186
50	46	7.101265	99.986549
50	47	6.907914	99.989912
50	48	6.710405	99.993274
50	49	6.508738	99.996637
50	50	6.302913	100.000000
