0	0	9.733333	0.269670
2	-2	7.714286	0.537234
2	-1	10.742857	0.804798
2	0	11.752381	1.072362
2	1	10.742857	1.339926
2	2	7.714286	1.607490
4	-4	7.163636	1.870203
4	-3	9.090909	2.132915
4	-2	10.467532	2.395628
4	-1	11.293506	2.658341
4	0	11.568831	2.921054
4	1	11.293506	3.183767
4	2	10.467532	3.446479
4	3	9.090909	3.709192
4	4	7.163636	3.971905
6	-6	6.906667	4.227172
6	-5	8.320000	4.482439
6	-4	9.476364	4.737705
6	-3	10.375758	4.992972
6	-2	11.018182	5.248239
6	-1	11.403636	5.503506
6	0	11.532121	5.758773
6	1	11.403636	6.014039
6	2	11.018182	6.269306
6	3	10.375758	6.524573
6	4	9.476364	6.779840
6	5	8.320000	7.035107
6	6	6.906667	7.290373
8	-8	6.757895	7.535825
8	-7	7.873684	7.781277
8	-6	8.840702	8.026729
8	-5	9.658947	8.272181
8	-4	10.328421	8.517634
8	-3	10.849123	8.763086
8	-2	11.221053	9.008538
8	-1	11.444211	9.253990
8	0	11.518596	9.499442
8	1	11.444211	9.744894
8	2	11.221053	9.990346
8	3	10.849123	10.235798
8	4	10.328421	10.481250
8	5	9.658947	10.726702
8	6	8.840702	10.972154
8	7	7.873684	11.217606
8	8	6.757895	11.463058
10	-10	6.660870	11.696618
10	-9	7.582609	11.930178
10	-8	8.407323	12.163738
10	-7	9.135011	12.397298
10	-6	9.765675	12.630858
10	-5	10.299314	12.864418
10	-4	10.735927	13.097977
10	-3	11.075515	13.331537
10	-2	11.318078	13.565097
10	-1	11.463616	13.798657
10	0	11.512128	14.032217
10	1	11.463616	14.265777
10	2	11.318078	14.499337
10	3	11.075515	14.732897
10	4	10.735927	14.966457
10	5	10.299314	15.200017
10	6	9.765675	15.433577
10	7	9.135011	15.667136
10	8	8.407323	15.900696
10	9	7.582609	16.134256
10	10	6.660870	16.367816
12	-12	6.592593	16.587749
12	-11	7.377778	16.807681
12	-10	8.094686	17.027613
12	-9	8.743317	17.247546
12	-8	9.323671	17.467478
12	-7	9.835749	17.687411
12	-6	10.279549	17.907343
12	-5	10.655072	18.127275
12	-4	10.962319	18.347208
12	-3	11.201288	18.567140
12	-2	11.371981	18.787073
12	-1	11.474396	19.007005
12	0	11.508535	19.226937
12	1	11.474396	19.446870
12	2	11.371981	19.666802
12	3	11.201288	19.886735
12	4	10.962319	20.106667
12	5	10.655072	20.326599
12	6	10.279549	20.546532
12	7	9.835749	20.766464
12	8	9.323671	20.986397
12	9	8.743317	21.206329
12	10	8.094686	21.426262
12	11	7.377778	21.646194
12	12	6.592593	21.866126
14	-14	6.541935	22.071072
14	-13	7.225806	22.276018
14	-12	7.859020	22.480964
14	-11	8.441577	22.685910
14	-10	8.973477	22.890856
14	-9	9.454719	23.095802
14	-8	9.885305	23.300748
14	-7	10.265233	23.505694
14	-6	10.594504	23.710640
14	-5	10.873118	23.915586
14	-4	11.101075	24.120532
14	-3	11.278375	24.325478
14	-2	11.405018	24.530424
14	-1	11.481004	24.735370
14	0	11.506332	24.940316
14	1	11.481004	25.145262
14	2	11.405018	25.350208
14	3	11.278375	25.555154
14	4	11.101075	25.760100
14	5	10.873118	25.965046
14	6	10.594504	26.169992
14	7	10.265233	26.374938
14	8	9.885305	26.579884
14	9	9.454719	26.784830
14	10	8.973477	26.989776
14	11	8.441577	27.194722
14	12	7.859020	27.399668
14	13	7.225806	27.604614
14	14	6.541935	27.809560
16	-16	6.502857	27.998555
16	-15	7.108571	28.187549
16	-14	7.675207	28.376544
16	-13	8.202765	28.565538
16	-12	8.691244	28.754532
16	-11	9.140645	28.943527
16	-10	9.550968	29.132521
16	-9	9.922212	29.321516
16	-8	10.254378	29.510510
16	-7	10.547465	29.699504
16	-6	10.801475	29.888499
16	-5	11.016406	30.077493
16	-4	11.192258	30.266488
16	-3	11.329032	30.455482
16	-2	11.426728	30.644476
16	-1	11.485346	30.833471
16	0	11.504885	31.022465
16	1	11.485346	31.211460
16	2	11.426728	31.400454
16	3	11.329032	31.589449
16	4	11.192258	31.778443
16	5	11.016406	31.967437
16	6	10.801475	32.156432
16	7	10.547465	32.345426
16	8	10.254378	32.534421
16	9	9.922212	32.723415
16	10	9.550968	32.912409
16	11	9.140645	33.101404
16	12	8.691244	33.290398
16	13	8.202765	33.479393
16	14	7.675207	33.668387
16	15	7.108571	33.857381
16	16	6.502857	34.046376
18	-18	6.471795	34.218848
18	-17	7.015385	34.391319
18	-16	7.527912	34.563791
18	-15	8.009377	34.736263
18	-14	8.459780	34.908734
18	-13	8.879121	35.081206
18	-12	9.267399	35.253678
18	-11	9.624615	35.426149
18	-10	9.950769	35.598621
18	-9	10.245861	35.771093
18	-8	10.509890	35.943564
18	-7	10.742857	36.116036
18	-6	10.944762	36.288508
18	-5	11.115604	36.460979
18	-4	11.255385	36.633451
18	-3	11.364103	36.805923
18	-2	11.441758	36.978394
18	-1	11.488352	37.150866
18	0	11.503883	37.323338
18	1	11.488352	37.495809
18	2	11.441758	37.668281
18	3	11.364103	37.840753
18	4	11.255385	38.013224
18	5	11.115604	38.185696
18	6	10.944762	38.358168
18	7	10.742857	38.530639
18	8	10.509890	38.703111
18	9	10.245861	38.875583
18	10	9.950769	39.048054
18	11	9.624615	39.220526
18	12	9.267399	39.392998
18	13	8.879121	39.565469
18	14	8.459780	39.737941
18	15	8.009377	39.910413
18	16	7.527912	40.082884
18	17	7.015385	40.255356
18	18	6.471795	40.427828
20	-20	6.446512	40.583584
20	-19	6.939535	40.739340
20	-18	7.407275	40.895097
20	-17	7.849732	41.050853
20	-16	8.266905	41.206610
20	-15	8.658795	41.362366
20	-14	9.025403	41.518122
20	-13	9.366726	41.673879
20	-12	9.682767	41.829635
20	-11	9.973524	41.985391
20	-10	10.238998	42.141148
20	-9	10.479189	42.296904
20	-8	10.694097	42.452661
20	-7	10.883721	42.608417
20	-6	11.048062	42.764173
20	-5	11.187120	42.919930
20	-4	11.300894	43.075686
20	-3	11.389386	43.231443
20	-2	11.452594	43.387199
20	-1	11.490519	43.542955
20	0	11.503160	43.698712
20	1	11.490519	43.854468
20	2	11.452594	44.010224
20	3	11.389386	44.165981
20	4	11.300894	44.321737
20	5	11.187120	44.477494
20	6	11.048062	44.633250
20	7	10.883721	44.789006
20	8	10.694097	44.944763
20	9	10.479189	45.100519
20	10	10.238998	45.256276
20	11	9.973524	45.412032
20	12	9.682767	45.567788
20	13	9.366726	45.723545
20	14	9.025403	45.879301
20	15	8.658795	46.035058
20	16	8.266905	46.190814
20	17	7.849732	46.346570
20	18	7.407275	46.502327
20	19	6.939535	46.658083
20	20	6.446512	46.813839
22	-22	6.425532	46.953038
22	-21	6.876596	47.092236
22	-20	7.306680	47.231434
22	-19	7.715784	47.370632
22	-18	8.103909	47.509830
22	-17	8.471054	47.649028
22	-16	8.817219	47.788226
22	-15	9.142405	47.927424
22	-14	9.446611	48.066622
22	-13	9.729837	48.205820
22	-12	9.992083	48.345018
22	-11	10.233350	48.484216
22	-10	10.453637	48.623415
22	-9	10.652944	48.762613
22	-8	10.831272	48.901811
22	-7	10.988619	49.041009
22	-6	11.124988	49.180207
22	-5	11.240376	49.319405
22	-4	11.334785	49.458603
22	-3	11.408214	49.597801
22	-2	11.460663	49.736999
22	-1	11.492133	49.876197
22	0	11.502622	50.015395
22	1	11.492133	50.154593
22	2	11.460663	50.293791
22	3	11.408214	50.432990
22	4	11.334785	50.572188
22	5	11.240376	50.711386
22	6	11.124988	50.850584
22	7	10.988619	50.989782
22	8	10.831272	51.128980
22	9	10.652944	51.268178
22	10	10.453637	51.407376
22	11	10.233350	51.546574
22	12	9.992083	51.685772
22	13	9.729837	51.824970
22	14	9.446611	51.964168
22	15	9.142405	52.103367
22	16	8.817219	52.242565
22	17	8.471054	52.381763
22	18	8.103909	52.520961
22	19	7.715784	52.660159
22	20	7.306680	52.799357
22	21	6.876596	52.938555
22	22	6.425532	53.077753
24	-24	6.407843	53.200859
24	-23	6.823529	53.323966
24	-22	7.221527	53.447072
24	-21	7.601836	53.570178
24	-20	7.964456	53.693284
24	-19	8.309387	53.816390
24	-18	8.636629	53.939497
24	-17	8.946183	54.062603
24	-16	9.238048	54.185709
24	-15	9.512224	54.308815
24	-14	9.768711	54.431921
24	-13	10.007509	54.555028
24	-12	10.228619	54.678134
24	-11	10.432040	54.801240
24	-10	10.617772	54.924346
24	-9	10.785816	55.047452
24	-8	10.936170	55.170559
24	-7	11.068836	55.293665
24	-6	11.183813	55.416771
24	-5	11.281101	55.539877
24	-4	11.360701	55.662983
24	-3	11.422612	55.786090
24	-2	11.466834	55.909196
24	-1	11.493367	56.032302
24	0	11.502211	56.155408
24	1	11.493367	56.278514
24	2	11.466834	56.401621
24	3	11.422612	56.524727
24	4	11.360701	56.647833
24	5	11.281101	56.770939
24	6	11.183813	56.894045
24	7	11.068836	57.017152
24	8	10.936170	57.140258
24	9	10.785816	57.263364
24	10	10.617772	57.386470
24	11	10.432040	57.509576
24	12	10.228619	57.632683
24	13	10.007509	57.755789
24	14	9.768711	57.878895
24	15	9.512224	58.002001
24	16	9.238048	58.125107
24	17	8.946183	58.248214
24	18	8.636629	58.371320
24	19	8.309387	58.494426
24	20	7.964456	58.617532
24	21	7.601836	58.740638
24	22	7.221527	58.863745
24	23	6.823529	58.986851
24	24	6.407843	59.109957
26	-26	6.392727	59.217699
26	-25	6.778182	59.325441
26	-24	7.148520	59.433184
26	-23	7.503743	59.540926
26	-22	7.843850	59.648668
26	-21	8.168841	59.756410
26	-20	8.478717	59.864153
26	-19	8.773476	59.971895
26	-18	9.053119	60.079637
26	-17	9.317647	60.187379
26	-16	9.567059	60.295121
26	-15	9.801355	60.402864
26	-14	10.020535	60.510606
26	-13	10.224599	60.618348
26	-12	10.413547	60.726090
26	-11	10.587380	60.833832
26	-10	10.746096	60.941575
26	-9	10.889697	61.049317
26	-8	11.018182	61.157059
26	-7	11.131551	61.264801
26	-6	11.229804	61.372544
26	-5	11.312941	61.480286
26	-4	11.380963	61.588028
26	-3	11.433868	61.695770
26	-2	11.471658	61.803512
26	-1	11.494332	61.911255
26	0	11.501889	62.018997
26	1	11.494332	62.126739
26	2	11.471658	62.234481
26	3	11.433868	62.342224
26	4	11.380963	62.449966
26	5	11.312941	62.557708
26	6	11.229804	62.665450
26	7	11.131551	62.773192
26	8	11.018182	62.880935
26	9	10.889697	62.988677
26	10	10.746096	63.096419
26	11	10.587380	63.204161
26	12	10.413547	63.311903
26	13	10.224599	63.419646
26	14	10.020535	63.527388
26	15	9.801355	63.635130
26	16	9.567059	63.742872
26	17	9.317647	63.850615
26	18	9.053119	63.958357
26	19	8.773476	64.066099
26	20	8.478717	64.173841
26	21	8.168841	64.281583
26	22	7.843850	64.389326
26	23	7.503743	64.497068
26	24	7.148520	64.604810
26	25	6.778182	64.712552
26	26	6.392727	64.820295
28	-28	6.379661	64.913609
28	-27	6.738983	65.006924
28	-26	7.085239	65.100239
28	-25	7.418428	65.193554
28	-24	7.738552	65.286869
28	-23	8.045609	65.380184
28	-22	8.339599	65.473499
28	-21	8.620524	65.566814
28	-20	8.888382	65.660129
28	-19	9.143174	65.753444
28	-18	9.384900	65.846759
28	-17	9.613559	65.940074
28	-16	9.829153	66.033389
28	-15	10.031680	66.126704
28	-14	10.221140	66.220019
28	-13	10.397535	66.313334
28	-12	10.560863	66.406648
28	-11	10.711125	66.499963
28	-10	10.848320	66.593278
28	-9	10.972450	66.686593
28	-8	11.083513	66.779908
28	-7	11.181510	66.873223
28	-6	11.266441	66.966538
28	-5	11.338305	67.059853
28	-4	11.397103	67.153168
28	-3	11.442835	67.246483
28	-2	11.475501	67.339798
28	-1	11.495100	67.433113
28	0	11.501633	67.526428
28	1	11.495100	67.619743
28	2	11.475501	67.713058
28	3	11.442835	67.806373
28	4	11.397103	67.899687
28	5	11.338305	67.993002
28	6	11.266441	68.086317
28	7	11.181510	68.179632
28	8	11.083513	68.272947
28	9	10.972450	68.366262
28	10	10.848320	68.459577
28	11	10.711125	68.552892
28	12	10.560863	68.646207
28	13	10.397535	68.739522
28	14	10.221140	68.832837
28	15	10.031680	68.926152
28	16	9.829153	69.019467
28	17	9.613559	69.112782
28	18	9.384900	69.206097
28	19	9.143174	69.299412
28	20	8.888382	69.392726
28	21	8.620524	69.486041
28	22	8.339599	69.579356
28	23	8.045609	69.672671
28	24	7.738552	69.765986
28	25	7.418428	69.859301
28	26	7.085239	69.952616
28	27	6.738983	70.045931
28	28	6.379661	70.139246
30	-30	6.368254	70.219225
30	-29	6.704762	70.299204
30	-28	7.029863	70.379183
30	-27	7.343557	70.459162
30	-26	7.645843	70.539141
30	-25	7.936723	70.619120
30	-24	8.216196	70.699099
30	-23	8.484262	70.779078
30	-22	8.740920	70.859057
30	-21	8.986172	70.939036
30	-20	9.220016	71.019014
30	-19	9.442454	71.098993
30	-18	9.653484	71.178972
30	-17	9.853107	71.258951
30	-16	10.041324	71.338930
30	-15	10.218133	71.418909
30	-14	10.383535	71.498888
30	-13	10.537530	71.578867
30	-12	10.680118	71.658846
30	-11	10.811299	71.738825
30	-10	10.931073	71.818804
30	-9	11.039440	71.898783
30	-8	11.136400	71.978762
30	-7	11.221953	72.058741
30	-6	11.296099	72.138720
30	-5	11.358838	72.218699
30	-4	11.410169	72.298678
30	-3	11.450094	72.378657
30	-2	11.478612	72.458636
30	-1	11.495722	72.538615
30	0	11.501426	72.618594
30	1	11.495722	72.698573
30	2	11.478612	72.778551
30	3	11.450094	72.858530
30	4	11.410169	72.938509
30	5	11.358838	73.018488
30	6	11.296099	73.098467
30	7	11.221953	73.178446
30	8	11.136400	73.258425
30	9	11.039440	73.338404
30	10	10.931073	73.418383
30	11	10.811299	73.498362
30	12	10.680118	73.578341
30	13	10.537530	73.658320
30	14	10.383535	73.738299
30	15	10.218133	73.818278
30	16	10.041324	73.898257
30	17	9.853107	73.978236
30	18	9.653484	74.058215
30	19	9.442454	74.138194
30	20	9.220016	74.218173
30	21	8.986172	74.298152
30	22	8.740920	74.378131
30	23	8.484262	74.458110
30	24	8.216196	74.538089
30	25	7.936723	74.618067
30	26	7.645843	74.698046
30	27	7.343557	74.778025
30	28	7.029863	74.858004
30	29	6.704762	74.937983
30	30	6.368254	75.017962
32	-32	6.358209	75.085798
32	-31	6.674627	75.153634
32	-30	6.981000	75.221470
32	-29	7.277328	75.289306
32	-28	7.563611	75.357142
32	-27	7.839848	75.424978
32	-26	8.106041	75.492814
32	-25	8.362189	75.560649
32	-24	8.608292	75.628485
32	-23	8.844350	75.696321
32	-22	9.070362	75.764157
32	-21	9.286330	75.831993
32	-20	9.492253	75.899829
32	-19	9.688131	75.967665
32	-18	9.873964	76.035501
32	-17	10.049751	76.103337
32	-16	10.215494	76.171173
32	-15	10.371192	76.239008
32	-14	10.516844	76.306844
32	-13	10.652452	76.374680
32	-12	10.778015	76.442516
32	-11	10.893532	76.510352
32	-10	10.999005	76.578188
32	-9	11.094433	76.646024
32	-8	11.179815	76.713860
32	-7	11.255153	76.781696
32	-6	11.320445	76.849531
32	-5	11.375693	76.917367
32	-4	11.420896	76.985203
32	-3	11.456053	77.053039
32	-2	11.481166	77.120875
32	-1	11.496233	77.188711
32	0	11.501256	77.256547
32	1	11.496233	77.324383
32	2	11.481166	77.392219
32	3	11.456053	77.460055
32	4	11.420896	77.527890
32	5	11.375693	77.595726
32	6	11.320445	77.663562
32	7	11.255153	77.731398
32	8	11.179815	77.799234
32	9	11.094433	77.867070
32	10	10.999005	77.934906
32	11	10.893532	78.002742
32	12	10.778015	78.070578
32	13	10.652452	78.138414
32	14	10.516844	78.206249
32	15	10.371192	78.274085
32	16	10.215494	78.341921
32	17	10.049751	78.409757
32	18	9.873964	78.477593
32	19	9.688131	78.545429
32	20	9.492253	78.613265
32	21	9.286330	78.681101
32	22	9.070362	78.748937
32	23	8.844350	78.816773
32	24	8.608292	78.884608
32	25	8.362189	78.952444
32	26	8.106041	79.020280
32	27	7.839848	79.088116
32	28	7.563611	79.155952
32	29	7.277328	79.223788
32	30	6.981000	79.291624
32	31	6.674627	79.359460
32	32	6.358209	79.427296
34	-34	6.349296	79.484234
34	-33	6.647887	79.541172
34	-32	6.937566	79.598110
34	-31	7.218331	79.655048
34	-30	7.490183	79.711986
34	-29	7.753122	79.768924
34	-28	8.007147	79.825862
34	-27	8.252260	79.882800
34	-26	8.488459	79.939738
34	-25	8.715745	79.996676
34	-24	8.934118	80.053614
34	-23	9.143578	80.110552
34	-22	9.344124	80.167490
34	-21	9.535758	80.224429
34	-20	9.718478	80.281367
34	-19	9.892285	80.338305
34	-18	10.057179	80.395243
34	-17	10.213160	80.452181
34	-16	10.360227	80.509119
34	-15	10.498381	80.566057
34	-14	10.627622	80.622995
34	-13	10.747950	80.679933
34	-12	10.859365	80.736871
34	-11	10.961867	80.793809
34	-10	11.055455	80.850747
34	-9	11.140130	80.907685
34	-8	11.215892	80.964623
34	-7	11.282741	81.021561
34	-6	11.340677	81.078500
34	-5	11.389699	81.135438
34	-4	11.429809	81.192376
34	-3	11.461005	81.249314
34	-2	11.483288	81.306252
34	-1	11.496658	81.363190
34	0	11.501114	81.420128
34	1	11.496658	81.477066
34	2	11.483288	81.534004
34	3	11.461005	81.590942
34	4	11.429809	81.647880
34	5	11.389699	81.704818
34	6	11.340677	81.761756
34	7	11.282741	81.818694
34	8	11.215892	81.875632
34	9	11.140130	81.932571
34	10	11.055455	81.989509
34	11	10.961867	82.046447
34	12	10.859365	82.103385
34	13	10.747950	82.160323
34	14	10.627622	82.217261
34	15	10.498381	82.274199
34	16	10.360227	82.331137
34	17	10.213160	82.388075
34	18	10.057179	82.445013
34	19	9.892285	82.501951
34	20	9.718478	82.558889
34	21	9.535758	82.615827
34	22	9.344124	82.672765
34	23	9.143578	82.729703
34	24	8.934118	82.786642
34	25	8.715745	82.843580
34	26	8.488459	82.900518
34	27	8.252260	82.957456
34	28	8.007147	83.014394
34	29	7.753122	83.071332
34	30	7.490183	83.128270
34	31	7.218331	83.185208
34	32	6.937566	83.242146
34	33	6.647887	83.299084
34	34	6.349296	83.356022
36	-36	6.341333	83.403316
36	-35	6.624000	83.450610
36	-34	6.898704	83.497904
36	-33	7.165446	83.545198
36	-32	7.424225	83.592492
36	-31	7.675042	83.639786
36	-30	7.917897	83.687080
36	-29	8.152789	83.734373
36	-28	8.379718	83.781667
36	-27	8.598685	83.828961
36	-26	8.809690	83.876255
36	-25	9.012732	83.923549
36	-24	9.207812	83.970843
36	-23	9.394930	84.018137
36	-22	9.574085	84.065431
36	-21	9.745277	84.112725
36	-20	9.908507	84.160019
36	-19	10.063775	84.207312
36	-18	10.211080	84.254606
36	-17	10.350423	84.301900
36	-16	10.481803	84.349194
36	-15	10.605221	84.396488
36	-14	10.720676	84.443782
36	-13	10.828169	84.491076
36	-12	10.927700	84.538370
36	-11	11.019268	84.585664
36	-10	11.102873	84.632958
36	-9	11.178516	84.680251
36	-8	11.246197	84.727545
36	-7	11.305915	84.774839
36	-6	11.357671	84.822133
36	-5	11.401465	84.869427
36	-4	11.437296	84.916721
36	-3	11.465164	84.964015
36	-2	11.485070	85.011309
36	-1	11.497014	85.058603
36	0	11.500995	85.105897
36	1	11.497014	85.153191
36	2	11.485070	85.200484
36	3	11.465164	85.247778
36	4	11.437296	85.295072
36	5	11.401465	85.342366
36	6	11.357671	85.389660
36	7	11.305915	85.436954
36	8	11.246197	85.484248
36	9	11.178516	85.531542
36	10	11.102873	85.578836
36	11	11.019268	85.626130
36	12	10.927700	85.673423
36	13	10.828169	85.720717
36	14	10.720676	85.768011
36	15	10.605221	85.815305
36	16	10.481803	85.862599
36	17	10.350423	85.909893
36	18	10.211080	85.957187
36	19	10.063775	86.004481
36	20	9.908507	86.051775
36	21	9.745277	86.099069
36	22	9.574085	86.146362
36	23	9.394930	86.193656
36	24	9.207812	86.240950
36	25	9.012732	86.288244
36	26	8.809690	86.335538
36	27	8.598685	86.382832
36	28	8.379718	86.430126
36	29	8.152789	86.477420
36	30	7.917897	86.524714
36	31	7.675042	86.572008
36	32	7.424225	86.619302
36	33	7.165446	86.666595
36	34	6.898704	86.713889
36	35	6.624000	86.761183
36	36	6.341333	86.808477
38	-38	6.334177	86.847352
38	-37	6.602532	86.886226
38	-36	6.863730	86.925101
38	-35	7.117772	86.963976
38	-34	7.364658	87.002851
38	-33	7.604388	87.041725
38	-32	7.836962	87.080600
38	-31	8.062380	87.119475
38	-30	8.280641	87.158349
38	-29	8.491747	87.197224
38	-28	8.695696	87.236099
38	-27	8.892489	87.274973
38	-26	9.082127	87.313848
38	-25	9.264608	87.352723
38	-24	9.439932	87.391597
38	-23	9.608101	87.430472
38	-22	9.769114	87.469347
38	-21	9.922970	87.508221
38	-20	10.069671	87.547096
38	-19	10.209215	87.585971
38	-18	10.341603	87.624845
38	-17	10.466835	87.663720
38	-16	10.584911	87.702595
38	-15	10.695831	87.741470
38	-14	10.799595	87.780344
38	-13	10.896203	87.819219
38	-12	10.985654	87.858094
38	-11	11.067949	87.896968
38	-10	11.143089	87.935843
38	-9	11.211072	87.974718
38	-8	11.271899	88.013592
38	-7	11.325570	88.052467
38	-6	11.372084	88.091342
38	-5	11.411443	88.130216
38	-4	11.443646	88.169091
38	-3	11.468692	88.207966
38	-2	11.486582	88.246840
38	-1	11.497316	88.285715
38	0	11.500895	88.324590
38	1	11.497316	88.363464
38	2	11.486582	88.402339
38	3	11.468692	88.441214
38	4	11.443646	88.480089
38	5	11.411443	88.518963
38	6	11.372084	88.557838
38	7	11.325570	88.596713
38	8	11.271899	88.635587
38	9	11.211072	88.674462
38	10	11.143089	88.713337
38	11	11.067949	88.752211
38	12	10.985654	88.791086
38	13	10.896203	88.829961
38	14	10.799595	88.868835
38	15	10.695831	88.907710
38	16	10.584911	88.946585
38	17	10.466835	88.985459
38	18	10.341603	89.024334
38	19	10.209215	89.063209
38	20	10.069671	89.102083
38	21	9.922970	89.140958
38	22	9.769114	89.179833
38	23	9.608101	89.218708
38	24	9.439932	89.257582
38	25	9.264608	89.296457
38	26	9.082127	89.335332
38	27	8.892489	89.374206
38	28	8.695696	89.413081
38	29	8.491747	89.451956
38	30	8.280641	89.490830
38	31	8.062380	89.529705
38	32	7.836962	89.568580
38	33	7.604388	89.607454
38	34	7.364658	89.646329
38	35	7.117772	89.685204
38	36	6.863730	89.724078
38	37	6.602532	89.762953
38	38	6.334177	89.801828
40	-40	6.327711	89.833450
40	-39	6.583133	89.865072
40	-38	6.832088	89.896694
40	-37	7.074577	89.928315
40	-36	7.310599	89.959937
40	-35	7.540156	89.991559
40	-34	7.763245	90.023181
40	-33	7.979869	90.054803
40	-32	8.190026	90.086425
40	-31	8.393717	90.118047
40	-30	8.590941	90.149669
40	-29	8.781699	90.181291
40	-28	8.965991	90.212912
40	-27	9.143816	90.244534
40	-26	9.315175	90.276156
40	-25	9.480067	90.307778
40	-24	9.638493	90.339400
40	-23	9.790453	90.371022
40	-22	9.935946	90.402644
40	-21	10.074973	90.434266
40	-20	10.207534	90.465888
40	-19	10.333628	90.497510
40	-18	10.453256	90.529131
40	-17	10.566418	90.560753
40	-16	10.673113	90.592375
40	-15	10.773341	90.623997
40	-14	10.867104	90.655619
40	-13	10.954400	90.687241
40	-12	11.035230	90.718863
40	-11	11.109593	90.750485
40	-10	11.177490	90.782107
40	-9	11.238920	90.813728
40	-8	11.293884	90.845350
40	-7	11.342382	90.876972
40	-6	11.384414	90.908594
40	-5	11.419979	90.940216
40	-4	11.449077	90.971838
40	-3	11.471710	91.003460
40	-2	11.487876	91.035082
40	-1	11.497575	91.066704
40	0	11.500808	91.098326
40	1	11.497575	91.129947
40	2	11.487876	91.161569
40	3	11.471710	91.193191
40	4	11.449077	91.224813
40	5	11.419979	91.256435
40	6	11.384414	91.288057
40	7	11.342382	91.319679
40	8	11.293884	91.351301
40	9	11.238920	91.382923
40	10	11.177490	91.414544
40	11	11.109593	91.446166
40	12	11.035230	91.477788
40	13	10.954400	91.509410
40	14	10.867104	91.541032
40	15	10.773341	91.572654
40	16	10.673113	91.604276
40	17	10.566418	91.635898
40	18	10.453256	91.667520
40	19	10.333628	91.699142
40	20	10.207534	91.730763
40	21	10.074973	91.762385
40	22	9.935946	91.794007
40	23	9.790453	91.825629
40	24	9.638493	91.857251
40	25	9.480067	91.888873
40	26	9.315175	91.920495
40	27	9.143816	91.952117
40	28	8.965991	91.983739
40	29	8.781699	92.015360
40	30	8.590941	92.046982
40	31	8.393717	92.078604
40	32	8.190026	92.110226
40	33	7.979869	92.141848
40	34	7.763245	92.173470
40	35	7.540156	92.205092
40	36	7.310599	92.236714
40	37	7.074577	92.268336
40	38	6.832088	92.299958
40	39	6.583133	92.331579
40	40	6.327711	92.363201
42	-42	6.321839	92.388656
42	-41	6.565517	92.414111
42	-40	6.803324	92.439565
42	-39	7.035258	92.465020
42	-38	7.261321	92.490475
42	-37	7.481512	92.515930
42	-36	7.695832	92.541384
42	-35	7.904279	92.566839
42	-34	8.106855	92.592294
42	-33	8.303559	92.617748
42	-32	8.494391	92.643203
42	-31	8.679352	92.668658
42	-30	8.858441	92.694113
42	-29	9.031658	92.719567
42	-28	9.199003	92.745022
42	-27	9.360476	92.770477
42	-26	9.516078	92.795931
42	-25	9.665808	92.821386
42	-24	9.809666	92.846841
42	-23	9.947653	92.872296
42	-22	10.079767	92.897750
42	-21	10.206010	92.923205
42	-20	10.326381	92.948660
42	-19	10.440881	92.974114
42	-18	10.549508	92.999569
42	-17	10.652264	93.025024
42	-16	10.749148	93.050479
42	-15	10.840161	93.075933
42	-14	10.925301	93.101388
42	-13	11.004570	93.126843
42	-12	11.077967	93.152297
42	-11	11.145492	93.177752
42	-10	11.207146	93.203207
42	-9	11.262928	93.228662
42	-8	11.312838	93.254116
42	-7	11.356876	93.279571
42	-6	11.395042	93.305026
42	-5	11.427337	93.330480
42	-4	11.453760	93.355935
42	-3	11.474311	93.381390
42	-2	11.488990	93.406845
42	-1	11.497798	93.432299
42	0	11.500734	93.457754
42	1	11.497798	93.483209
42	2	11.488990	93.508663
42	3	11.474311	93.534118
42	4	11.453760	93.559573
42	5	11.427337	93.585028
42	6	11.395042	93.610482
42	7	11.356876	93.635937
42	8	11.312838	93.661392
42	9	11.262928	93.686846
42	10	11.207146	93.712301
42	11	11.145492	93.737756
42	12	11.077967	93.763211
42	13	11.004570	93.788665
42	14	10.925301	93.814120
42	15	10.840161	93.839575
42	16	10.749148	93.865029
42	17	10.652264	93.890484
42	18	10.549508	93.915939
42	19	10.440881	93.941394
42	20	10.326381	93.966848
42	21	10.206010	93.992303
42	22	10.079767	94.017758
42	23	9.947653	94.043212
42	24	9.809666	94.068667
42	25	9.665808	94.094122
42	26	9.516078	94.119577
42	27	9.360476	94.145031
42	28	9.199003	94.170486
42	29	9.031658	94.195941
42	30	8.858441	94.221395
42	31	8.679352	94.246850
42	32	8.494391	94.272305
42	33	8.303559	94.297760
42	34	8.106855	94.323214
42	35	7.904279	94.348669
42	36	7.695832	94.374124
42	37	7.481512	94.399578
42	38	7.261321	94.425033
42	39	7.035258	94.450488
42	40	6.803324	94.475943
42	41	6.565517	94.501397
42	42	6.321839	94.526852
44	-44	6.316484	94.547129
44	-43	6.549451	94.567406
44	-42	6.777062	94.587684
44	-41	6.999318	94.607961
44	-40	7.216218	94.628238
44	-39	7.427763	94.648515
44	-38	7.633952	94.668792
44	-37	7.834786	94.689069
44	-36	8.030264	94.709347
44	-35	8.220387	94.729624
44	-34	8.405153	94.749901
44	-33	8.584565	94.770178
44	-32	8.758621	94.790455
44	-31	8.927321	94.810733
44	-30	9.090666	94.831010
44	-29	9.248655	94.851287
44	-28	9.401288	94.871564
44	-27	9.548566	94.891841
44	-26	9.690489	94.912119
44	-25	9.827056	94.932396
44	-24	9.958267	94.952673
44	-23	10.084123	94.972950
44	-22	10.204623	94.993227
44	-21	10.319768	95.013505
44	-20	10.429557	95.033782
44	-19	10.533990	95.054059
44	-18	10.633068	95.074336
44	-17	10.726790	95.094613
44	-16	10.815157	95.114890
44	-15	10.898168	95.135168
44	-14	10.975824	95.155445
44	-13	11.048124	95.175722
44	-12	11.115069	95.195999
44	-11	11.176658	95.216276
44	-10	11.232891	95.236554
44	-9	11.283769	95.256831
44	-8	11.329291	95.277108
44	-7	11.369458	95.297385
44	-6	11.404269	95.317662
44	-5	11.433725	95.337940
44	-4	11.457825	95.358217
44	-3	11.476569	95.378494
44	-2	11.489958	95.398771
44	-1	11.497992	95.419048
44	0	11.500669	95.439326
44	1	11.497992	95.459603
44	2	11.489958	95.479880
44	3	11.476569	95.500157
44	4	11.457825	95.520434
44	5	11.433725	95.540712
44	6	11.404269	95.560989
44	7	11.369458	95.581266
44	8	11.329291	95.601543
44	9	11.283769	95.621820
44	10	11.232891	95.642097
44	11	11.176658	95.662375
44	12	11.115069	95.682652
44	13	11.048124	95.702929
44	14	10.975824	95.723206
44	15	10.898168	95.743483
44	16	10.815157	95.763761
44	17	10.726790	95.784038
44	18	10.633068	95.804315
44	19	10.533990	95.824592
44	20	10.429557	95.844869
44	21	10.319768	95.865147
44	22	10.204623	95.885424
44	23	10.084123	95.905701
44	24	9.958267	95.925978
44	25	9.827056	95.946255
44	26	9.690489	95.966533
44	27	9.548566	95.986810
44	28	9.401288	96.007087
44	29	9.248655	96.027364
44	30	9.090666	96.047641
44	31	8.927321	96.067918
44	32	8.758621	96.088196
44	33	8.584565	96.108473
44	34	8.405153	96.128750
44	35	8.220387	96.149027
44	36	8.030264	96.169304
44	37	7.834786	96.189582
44	38	7.633952	96.209859
44	39	7.427763	96.230136
44	40	7.216218	96.250413
44	41	6.999318	96.270690
44	42	6.777062	96.290968
44	43	6.549451	96.311245
44	44	6.316484	96.331522
46	-46	6.311579	96.347507
46	-45	6.534737	96.363492
46	-44	6.752990	96.379476
46	-43	6.966339	96.395461
46	-42	7.174783	96.411446
46	-41	7.378323	96.427431
46	-40	7.576958	96.443415
46	-39	7.770688	96.459400
46	-38	7.959514	96.475385
46	-37	8.143436	96.491370
46	-36	8.322452	96.507355
46	-35	8.496564	96.523339
46	-34	8.665772	96.539324
46	-33	8.830075	96.555309
46	-32	8.989474	96.571294
46	-31	9.143968	96.587278
46	-30	9.293557	96.603263
46	-29	9.438242	96.619248
46	-28	9.578022	96.635233
46	-27	9.712898	96.651218
46	-26	9.842869	96.667202
46	-25	9.967935	96.683187
46	-24	10.088097	96.699172
46	-23	10.203355	96.715157
46	-22	10.313707	96.731142
46	-21	10.419156	96.747126
46	-20	10.519699	96.763111
46	-19	10.615338	96.779096
46	-18	10.706073	96.795081
46	-17	10.791903	96.811065
46	-16	10.872828	96.827050
46	-15	10.948849	96.843035
46	-14	11.019965	96.859020
46	-13	11.086177	96.875005
46	-12	11.147484	96.890989
46	-11	11.203887	96.906974
46	-10	11.255385	96.922959
46	-9	11.301978	96.938944
46	-8	11.343667	96.954928
46	-7	11.380451	96.970913
46	-6	11.412331	96.986898
46	-5	11.439306	97.002883
46	-4	11.461377	97.018868
46	-3	11.478543	97.034852
46	-2	11.490804	97.050837
46	-1	11.498161	97.066822
46	0	11.500613	97.082807
46	1	11.498161	97.098791
46	2	11.490804	97.114776
46	3	11.478543	97.130761
46	4	11.461377	97.146746
46	5	11.439306	97.162731
46	6	11.412331	97.178715
46	7	11.380451	97.194700
46	8	11.343667	97.210685
46	9	11.301978	97.226670
46	10	11.255385	97.242655
46	11	11.203887	97.258639
46	12	11.147484	97.274624
46	13	11.086177	97.290609
46	14	11.019965	97.306594
46	15	10.948849	97.322578
46	16	10.872828	97.338563
46	17	10.791903	97.354548
46	18	10.706073	97.370533
46	19	10.615338	97.386518
46	20	10.519699	97.402502
46	21	10.419156	97.418487
46	22	10.313707	97.434472
46	23	10.203355	97.450457
46	24	10.088097	97.466441
46	25	9.967935	97.482426
46	26	9.842869	97.498411
46	27	9.712898	97.514396
46	28	9.578022	97.530381
46	29	9.438242	97.546365
46	30	9.293557	97.562350
46	31	9.143968	97.578335
46	32	8.989474	97.594320
46	33	8.830075	97.610304
46	34	8.665772	97.626289
46	35	8.496564	97.642274
46	36	8.322452	97.658259
46	37	8.143436	97.674244
46	38	7.959514	97.690228
46	39	7.770688	97.706213
46	40	7.576958	97.722198
46	41	7.378323	97.738183
46	42	7.174783	97.754168
46	43	6.966339	97.770152
46	44	6.752990	97.786137
46	45	6.534737	97.802122
46	46	6.311579	97.818107
48	-48	6.307071	97.830577
48	-47	6.521212	97.843047
48	-46	6.730845	97.855517
48	-45	6.935970	97.867986
48	-44	7.136587	97.880456
48	-43	7.332695	97.892926
48	-42	7.524296	97.905396
48	-41	7.711388	97.917866
48	-40	7.893971	97.930336
48	-39	8.072047	97.942806
48	-38	8.245614	97.955276
48	-37	8.414673	97.967746
48	-36	8.579224	97.980216
48	-35	8.739266	97.992686
48	-34	8.894801	98.005156
48	-33	9.045827	98.017626
48	-32	9.192344	98.030096
48	-31	9.334354	98.042566
48	-30	9.471855	98.055036
48	-29	9.604848	98.067506
48	-28	9.733333	98.079976
48	-27	9.857310	98.092446
48	-26	9.976778	98.104916
48	-25	10.091738	98.117386
48	-24	10.202190	98.129856
48	-23	10.308134	98.142325
48	-22	10.409569	98.154795
48	-21	10.506497	98.167265
48	-20	10.598915	98.179735
48	-19	10.686826	98.192205
48	-18	10.770229	98.204675
48	-17	10.849123	98.217145
48	-16	10.923509	98.229615
48	-15	10.993386	98.242085
48	-14	11.058756	98.254555
48	-13	11.119617	98.267025
48	-12	11.175970	98.279495
48	-11	11.227815	98.291965
48	-10	11.275152	98.304435
48	-9	11.317980	98.316905
48	-8	11.356300	98.329375
48	-7	11.390112	98.341845
48	-6	11.419415	98.354315
48	-5	11.444211	98.366785
48	-4	11.464498	98.379255
48	-3	11.480276	98.391725
48	-2	11.491547	98.404195
48	-1	11.498309	98.416664
48	0	11.500564	98.429134
48	1	11.498309	98.441604
48	2	11.491547	98.454074
48	3	11.480276	98.466544
48	4	11.464498	98.479014
48	5	11.444211	98.491484
48	6	11.419415	98.503954
48	7	11.390112	98.516424
48	8	11.356300	98.528894
48	9	11.317980	98.541364
48	10	11.275152	98.553834
48	11	11.227815	98.566304
48	12	11.175970	98.578774
48	13	11.119617	98.591244
48	14	11.058756	98.603714
48	15	10.993386	98.616184
48	16	10.923509	98.628654
48	17	10.849123	98.641124
48	18	10.770229	98.653594
48	19	10.686826	98.666064
48	20	10.598915	98.678534
48	21	10.506497	98.691003
48	22	10.409569	98.703473
48	23	10.308134	98.715943
48	24	10.202190	98.728413
48	25	10.091738	98.740883
48	26	9.976778	98.753353
48	27	9.857310	98.765823
48	28	9.733333	98.778293
48	29	9.604848	98.790763
48	30	9.471855	98.803233
48	31	9.334354	98.815703
48	32	9.192344	98.828173
48	33	9.045827	98.840643
48	34	8.894801	98.853113
48	35	8.739266	98.865583
48	36	8.579224	98.878053
48	37	8.414673	98.890523
48	38	8.245614	98.902993
48	39	8.072047	98.915463
48	40	7.893971	98.927933
48	41	7.711388	98.940403
48	42	7.524296	98.952873
48	43	7.332695	98.965343
48	44	7.136587	98.977812
48	45	6.935970	98.990282
48	46	6.730845	99.002752
48	47	6.521212	99.015222
48	48	6.307071	99.027692
50	-50	6.302913	99.037319
50	-49	6.508738	99.046946
50	-48	6.710405	99.056573
50	-47	6.907914	99.066200
50	-46	7.101265	99.075826
50	-45	7.290458	99.085453
50	-44	7.475493	99.095080
50	-43	7.656370	99.104707
50	-42	7.833088	99.114334
50	-41	8.005649	99.123960
50	-40	8.174051	99.133587
50	-39	8.338296	99.143214
50	-38	8.498382	99.152841
50	-37	8.654310	99.162468
50	-36	8.806080	99.172094
50	-35	8.953692	99.181721
50	-34	9.097146	99.191348
50	-33	9.236442	99.200975
50	-32	9.371580	99.210602
50	-31	9.502560	99.220228
50	-30	9.629381	99.229855
50	-29	9.752045	99.239482
50	-28	9.870550	99.249109
50	-27	9.984898	99.258736
50	-26	10.095087	99.268363
50	-25	10.201118	99.277989
50	-24	10.302991	99.287616
50	-23	10.400706	99.297243
50	-22	10.494263	99.306870
50	-21	10.583662	99.316497
50	-20	10.668903	99.326123
50	-19	10.749985	99.335750
50	-18	10.826910	99.345377
50	-17	10.899676	99.355004
50	-16	10.968285	99.364631
50	-15	11.032735	99.374257
50	-14	11.093027	99.383884
50	-13	11.149162	99.393511
50	-12	11.201138	99.403138
50	-11	11.248956	99.412765
50	-10	11.292615	99.422391
50	-9	11.332117	99.432018
50	-8	11.367461	99.441645
50	-7	11.398647	99.451272
50	-6	11.425674	99.460899
50	-5	11.448544	99.470525
50	-4	11.467255	99.480152
50	-3	11.481808	99.489779
50	-2	11.492204	99.499406
50	-1	11.498441	99.509033
50	0	11.500520	99.518660
50	1	11.498441	99.528286
50	2	11.492204	99.537913
50	3	11.481808	99.547540
50	4	11.467255	99.557167
50	5	11.448544	99.566794
50	6	11.425674	99.576420
50	7	11.398647	99.586047
50	8	11.367461	99.595674
50	9	11.332117	99.605301
50	10	11.292615	99.614928
50	11	11.248956	99.624554
50	12	11.201138	99.634181
50	13	11.149162	99.643808
50	14	11.093027	99.653435
50	15	11.032735	99.663062
50	16	10.968285	99.672688
50	17	10.899676	99.682315
50	18	10.826910	99.691942
50	19	10.749985	99.701569
50	20	10.668903	99.711196
50	21	10.583662	99.720823
50	22	10.494263	99.730449
50	23	10.400706	99.740076
50	24	10.302991	99.749703
50	25	10.201118	99.759330
50	26	10.095087	99.768957
50	27	9.984898	99.778583
50	28	9.870550	99.788210
50	29	9.752045	99.797837
50	30	9.629381	99.807464
50	31	9.502560	99.817091
50	32	9.371580	99.826717
50	33	9.236442	99.836344
50	34	9.097146	99.845971
50	35	8.953692	99.855598
50	36	8.806080	99.865225
50	37	8.654310	99.874851
50	38	8.498382	99.884478
50	39	8.338296	99.894105
50	40	8.174051	99.903732
50	41	8.005649	99.913359
50	42	7.833088	99.922986
50	43	7.656370	99.932612
50	44	7.475493	99.942239
50	45	7.290458	99.951866
50	46	7.101265	99.961493
50	47	6.907914	99.971120
50	48	6.710405	99.980746
50	49	6.508738	99.990373
50	50	6.302913	100.000000
