0	0	9.733333	3.895209
2	-2	7.714286	7.358171
2	-1	10.742857	10.821133
2	0	11.752381	14.284095
2	1	10.742857	17.747058
2	2	7.714286	21.210020
4	-4	7.163636	23.841828
4	-3	9.090909	26.473636
4	-2	10.467532	29.105443
4	-1	11.293506	31.737251
4	0	11.568831	34.369059
4	1	11.293506	37.000867
4	2	10.467532	39.632675
4	3	9.090909	42.264483
4	4	7.163636	44.896290
6	-6	6.906667	46.606109
6	-5	8.320000	48.315927
6	-4	9.476364	50.025745
6	-3	10.375758	51.735564
6	-2	11.018182	53.445382
6	-1	11.403636	55.155200
6	0	11.532121	56.865019
6	1	11.403636	58.574837
6	2	11.018182	60.284655
6	3	10.375758	61.994474
6	4	9.476364	63.704292
6	5	8.320000	65.414110
6	6	6.906667	67.123929
8	-8	6.757895	68.073517
8	-7	7.873684	69.023104
8	-6	8.840702	69.972692
8	-5	9.658947	70.922280
8	-4	10.328421	71.871868
8	-3	10.849123	72.821456
8	-2	11.221053	73.771044
8	-1	11.444211	74.720631
8	0	11.518596	75.670219
8	1	11.444211	76.619807
8	2	11.221053	77.569395
8	3	10.849123	78.518983
8	4	10.328421	79.468571
8	5	9.658947	80.418158
8	6	8.840702	81.367746
8	7	7.873684	82.317334
8	8	6.757895	83.266922
10	-10	6.660870	83.717749
10	-9	7.582609	84.168576
10	-8	8.407323	84.619402
10	-7	9.135011	85.070229
10	-6	9.765675	85.521056
10	-5	10.299314	85.971883
10	-4	10.735927	86.422709
10	-3	11.075515	86.873536
10	-2	11.318078	87.324363
10	-1	11.463616	87.775190
10	0	11.512128	88.226016
10	1	11.463616	88.676843
10	2	11.318078	89.127670
10	3	11.075515	89.578497
10	4	10.735927	90.029324
10	5	10.299314	90.480150
10	6	9.765675	90.930977
10	7	9.135011	91.381804
10	8	8.407323	91.832631
10	9	7.582609	92.283457
10	10	6.660870	92.734284
12	-12	6.592593	92.917252
12	-11	7.377778	93.100219
12	-10	8.094686	93.283186
12	-9	8.743317	93.466154
12	-8	9.323671	93.649121
12	-7	9.835749	93.832088
12	-6	10.279549	94.015056
12	-5	10.655072	94.198023
12	-4	10.962319	94.380991
12	-3	11.201288	94.563958
12	-2	11.371981	94.746925
12	-1	11.474396	94.929893
12	0	11.508535	95.112860
12	1	11.474396	95.295827
12	2	11.371981	95.478795
12	3	11.201288	95.661762
12	4	10.962319	95.844729
12	5	10.655072	96.027697
12	6	10.279549	96.210664
12	7	9.835749	96.393632
12	8	9.323671	96.576599
12	9	8.743317	96.759566
12	10	8.094686	96.942534
12	11	7.377778	97.125501
12	12	6.592593	97.308468
14	-14	6.541935	97.371947
14	-13	7.225806	97.435426
14	-12	7.859020	97.498904
14	-11	8.441577	97.562383
14	-10	8.973477	97.625861
14	-9	9.454719	97.689340
14	-8	9.885305	97.752818
14	-7	10.265233	97.816297
14	-6	10.594504	97.879775
14	-5	10.873118	97.943254
14	-4	11.101075	98.006732
14	-3	11.278375	98.070211
14	-2	11.405018	98.133689
14	-1	11.481004	98.197168
14	0	11.506332	98.260647
14	1	11.481004	98.324125
14	2	11.405018	98.387604
14	3	11.278375	98.451082
14	4	11.101075	98.514561
14	5	10.873118	98.578039
14	6	10.594504	98.641518
14	7	10.265233	98.704996
14	8	9.885305	98.768475
14	9	9.454719	98.831953
14	10	8.973477	98.895432
14	11	8.441577	98.958911
14	12	7.859020	99.022389
14	13	7.225806	99.085868
14	14	6.541935	99.149346
16	-16	6.502857	99.168173
16	-15	7.108571	99.186999
16	-14	7.675207	99.205826
16	-13	8.202765	99.224652
16	-12	8.691244	99.243479
16	-11	9.140645	99.262305
16	-10	9.550968	99.281132
16	-9	9.922212	99.299958
16	-8	10.254378	99.318785
16	-7	10.547465	99.337611
16	-6	10.801475	99.356438
16	-5	11.016406	99.375264
16	-4	11.192258	99.394091
16	-3	11.329032	99.412917
16	-2	11.426728	99.431744
16	-1	11.485346	99.450570
16	0	11.504885	99.469397
16	1	11.485346	99.488223
16	2	11.426728	99.507050
16	3	11.329032	99.525876
16	4	11.192258	99.544703
16	5	11.016406	99.563529
16	6	10.801475	99.582356
16	7	10.547465	99.601182
16	8	10.254378	99.620009
16	9	9.922212	99.638835
16	10	9.550968	99.657662
16	11	9.140645	99.676488
16	12	8.691244	99.695315
16	13	8.202765	99.714141
16	14	7.675207	99.732968
16	15	7.108571	99.751794
16	16	6.502857	99.770621
18	-18	6.471795	99.775394
18	-17	7.015385	99.780167
18	-16	7.527912	99.784940
18	-15	8.009377	99.789713
18	-14	8.459780	99.794486
18	-13	8.879121	99.799259
18	-12	9.267399	99.804033
18	-11	9.624615	99.808806
18	-10	9.950769	99.813579
18	-9	10.245861	99.818352
18	-8	10.509890	99.823125
18	-7	10.742857	99.827898
18	-6	10.944762	99.832671
18	-5	11.115604	99.837444
18	-4	11.255385	99.842217
18	-3	11.364103	99.846991
18	-2	11.441758	99.851764
18	-1	11.488352	99.856537
18	0	11.503883	99.861310
18	1	11.488352	99.866083
18	2	11.441758	99.870856
18	3	11.364103	99.875629
18	4	11.255385	99.880402
18	5	11.115604	99.885175
18	6	10.944762	99.889949
18	7	10.742857	99.894722
18	8	10.509890	99.899495
18	9	10.245861	99.904268
18	10	9.950769	99.909041
18	11	9.624615	99.913814
18	12	9.267399	99.918587
18	13	8.879121	99.923360
18	14	8.459780	99.928134
18	15	8.009377	99.932907
18	16	7.527912	99.937680
18	17	7.015385	99.942453
18	18	6.471795	99.947226
20	-20	6.446512	99.948260
20	-19	6.939535	99.949295
20	-18	7.407275	99.950329
20	-17	7.849732	99.951364
20	-16	8.266905	99.952398
20	-15	8.658795	99.953433
20	-14	9.025403	99.954467
20	-13	9.366726	99.955502
20	-12	9.682767	99.956536
20	-11	9.973524	99.957571
20	-10	10.238998	99.958605
20	-9	10.479189	99.959640
20	-8	10.694097	99.960674
20	-7	10.883721	99.961709
20	-6	11.048062	99.962743
20	-5	11.187120	99.963778
20	-4	11.300894	99.964812
20	-3	11.389386	99.965847
20	-2	11.452594	99.966881
20	-1	11.490519	99.967916
20	0	11.503160	99.968950
20	1	11.490519	99.969985
20	2	11.452594	99.971019
20	3	11.389386	99.972054
20	4	11.300894	99.973088
20	5	11.187120	99.974123
20	6	11.048062	99.975157
20	7	10.883721	99.976191
20	8	10.694097	99.977226
20	9	10.479189	99.978260
20	10	10.238998	99.979295
20	11	9.973524	99.980329
20	12	9.682767	99.981364
20	13	9.366726	99.982398
20	14	9.025403	99.983433
20	15	8.658795	99.984467
20	16	8.266905	99.985502
20	17	7.849732	99.986536
20	18	7.407275	99.987571
20	19	6.939535	99.988605
20	20	6.446512	99.989640
22	-22	6.425532	99.989831
22	-21	6.876596	99.990023
22	-20	7.306680	99.990215
22	-19	7.715784	99.990406
22	-18	8.103909	99.990598
22	-17	8.471054	99.990790
22	-16	8.817219	99.990981
22	-15	9.142405	99.991173
22	-14	9.446611	99.991365
22	-13	9.729837	99.991556
22	-12	9.992083	99.991748
22	-11	10.233350	99.991940
22	-10	10.453637	99.992131
22	-9	10.652944	99.992323
22	-8	10.831272	99.992515
22	-7	10.988619	99.992706
22	-6	11.124988	99.992898
22	-5	11.240376	99.993090
22	-4	11.334785	99.993281
22	-3	11.408214	99.993473
22	-2	11.460663	99.993665
22	-1	11.492133	99.993856
22	0	11.502622	99.994048
22	1	11.492133	99.994240
22	2	11.460663	99.994431
22	3	11.408214	99.994623
22	4	11.334785	99.994815
22	5	11.240376	99.995006
22	6	11.124988	99.995198
22	7	10.988619	99.995390
22	8	10.831272	99.995581
22	9	10.652944	99.995773
22	10	10.453637	99.995965
22	11	10.233350	99.996156
22	12	9.992083	99.996348
22	13	9.729837	99.996540
22	14	9.446611	99.996731
22	15	9.142405	99.996923
22	16	8.817219	99.997115
22	17	8.471054	99.997306
22	18	8.103909	99.997498
22	19	7.715784	99.997690
22	20	7.306680	99.997881
22	21	6.876596	99.998073
22	22	6.425532	99.998265
24	-24	6.407843	99.998295
24	-23	6.823529	99.998325
24	-22	7.221527	99.998356
24	-21	7.601836	99.998386
24	-20	7.964456	99.998416
24	-19	8.309387	99.998447
24	-18	8.636629	99.998477
24	-17	8.946183	99.998507
24	-16	9.238048	99.998538
24	-15	9.512224	99.998568
24	-14	9.768711	99.998598
24	-13	10.007509	99.998629
24	-12	10.228619	99.998659
24	-11	10.432040	99.998689
24	-10	10.617772	99.998720
24	-9	10.785816	99.998750
24	-8	10.936170	99.998781
24	-7	11.068836	99.998811
24	-6	11.183813	99.998841
24	-5	11.281101	99.998872
24	-4	11.360701	99.998902
24	-3	11.422612	99.998932
24	-2	11.466834	99.998963
24	-1	11.493367	99.998993
24	0	11.502211	99.999023
24	1	11.493367	99.999054
24	2	11.466834	99.999084
24	3	11.422612	99.999114
24	4	11.360701	99.999145
24	5	11.281101	99.999175
24	6	11.183813	99.999206
24	7	11.068836	99.999236
24	8	10.936170	99.999266
24	9	10.785816	99.999297
24	10	10.617772	99.999327
24	11	10.432040	99.999357
24	12	10.228619	99.999388
24	13	10.007509	99.999418
24	14	9.768711	99.999448
24	15	9.512224	99.999479
24	16	9.238048	99.999509
24	17	8.946183	99.999539
24	18	8.636629	99.999570
24	19	8.309387	99.999600
24	20	7.964456	99.999630
24	21	7.601836	99.999661
24	22	7.221527	99.999691
24	23	6.823529	99.999722
24	24	6.407843	99.999752
26	-26	6.392727	99.999756
26	-25	6.778182	99.999760
26	-24	7.148520	99.999764
26	-23	7.503743	99.999768
26	-22	7.843850	99.999772
26	-21	8.168841	99.999777
26	-20	8.478717	99.999781
26	-19	8.773476	99.999785
26	-18	9.053119	99.999789
26	-17	9.317647	99.999793
26	-16	9.567059	99.999797
26	-15	9.801355	99.999801
26	-14	10.020535	99.999805
26	-13	10.224599	99.999809
26	-12	10.413547	99.999814
26	-11	10.587380	99.999818
26	-10	10.746096	99.999822
26	-9	10.889697	99.999826
26	-8	11.018182	99.999830
26	-7	11.131551	99.999834
26	-6	11.229804	99.999838
26	-5	11.312941	99.999842
26	-4	11.380963	99.999846
26	-3	11.433868	99.999851
26	-2	11.471658	99.999855
26	-1	11.494332	99.999859
26	0	11.501889	99.999863
26	1	11.494332	99.999867
26	2	11.471658	99.999871
26	3	11.433868	99.999875
26	4	11.380963	99.999879
26	5	11.312941	99.999883
26	6	11.229804	99.999888
26	7	11.131551	99.999892
26	8	11.018182	99.999896
26	9	10.889697	99.999900
26	10	10.746096	99.999904
26	11	10.587380	99.999908
26	12	10.413547	99.999912
26	13	10.224599	99.999916
26	14	10.020535	99.999920
26	15	9.801355	99.999925
26	16	9.567059	99.999929
26	17	9.317647	99.999933
26	18	9.053119	99.999937
26	19	8.773476	99.999941
26	20	8.478717	99.999945
26	21	8.168841	99.999949
26	22	7.843850	99.999953
26	23	7.503743	99.999957
26	24	7.148520	99.999962
26	25	6.778182	99.999966
26	26	6.392727	99.999970
28	-28	6.379661	99.999970
28	-27	6.738983	99.999971
28	-26	7.085239	99.999971
28	-25	7.418428	99.999972
28	-24	7.738552	99.999972
28	-23	8.045609	99.999973
28	-22	8.339599	99.999973
28	-21	8.620524	99.999974
28	-20	8.888382	99.999974
28	-19	9.143174	99.999974
28	-18	9.384900	99.999975
28	-17	9.613559	99.999975
28	-16	9.829153	99.999976
28	-15	10.031680	99.999976
28	-14	10.221140	99.999977
28	-13	10.397535	99.999977
28	-12	10.560863	99.999978
28	-11	10.711125	99.999978
28	-10	10.848320	99.999979
28	-9	10.972450	99.999979
28	-8	11.083513	99.999980
28	-7	11.181510	99.999980
28	-6	11.266441	99.999981
28	-5	11.338305	99.999981
28	-4	11.397103	99.999982
28	-3	11.442835	99.999982
28	-2	11.475501	99.999983
28	-1	11.495100	99.999983
28	0	11.501633	99.999984
28	1	11.495100	99.999984
28	2	11.475501	99.999984
28	3	11.442835	99.999985
28	4	11.397103	99.999985
28	5	11.338305	99.999986
28	6	11.266441	99.999986
28	7	11.181510	99.999987
28	8	11.083513	99.999987
28	9	10.972450	99.999988
28	10	10.848320	99.999988
28	11	10.711125	99.999989
28	12	10.560863	99.999989
28	13	10.397535	99.999990
28	14	10.221140	99.999990
28	15	10.031680	99.999991
28	16	9.829153	99.999991
28	17	9.613559	99.999992
28	18	9.384900	99.999992
28	19	9.143174	99.999993
28	20	8.888382	99.999993
28	21	8.620524	99.999994
28	22	8.339599	99.999994
28	23	8.045609	99.999994
28	24	7.738552	99.999995
28	25	7.418428	99.999995
28	26	7.085239	99.999996
28	27	6.738983	99.999996
28	28	6.379661	99.999997
30	-30	6.368254	99.999997
30	-29	6.704762	99.999997
30	-28	7.029863	99.999997
30	-27	7.343557	99.999997
30	-26	7.645843	99.999997
30	-25	7.936723	99.999997
30	-24	8.216196	99.999997
30	-23	8.484262	99.999997
30	-22	8.740920	99.999997
30	-21	8.986172	99.999997
30	-20	9.220016	99.999997
30	-19	9.442454	99.999997
30	-18	9.653484	99.999997
30	-17	9.853107	99.999998
30	-16	10.041324	99.999998
30	-15	10.218133	99.999998
30	-14	10.383535	99.999998
30	-13	10.537530	99.999998
30	-12	10.680118	99.999998
30	-11	10.811299	99.999998
30	-10	10.931073	99.999998
30	-9	11.039440	99.999998
30	-8	11.136400	99.999998
30	-7	11.221953	99.999998
30	-6	11.296099	99.999998
30	-5	11.358838	99.999998
30	-4	11.410169	99.999998
30	-3	11.450094	99.999998
30	-2	11.478612	99.999998
30	-1	11.495722	99.999998
30	0	11.501426	99.999998
30	1	11.495722	99.999998
30	2	11.478612	99.999998
30	3	11.450094	99.999998
30	4	11.410169	99.999998
30	5	11.358838	99.999999
30	6	11.296099	99.999999
30	7	11.221953	99.999999
30	8	11.136400	99.999999
30	9	11.039440	99.999999
30	10	10.931073	99.999999
30	11	10.811299	99.999999
30	12	10.680118	99.999999
30	13	10.537530	99.999999
30	14	10.383535	99.999999
30	15	10.218133	99.999999
30	16	10.041324	99.999999
30	17	9.853107	99.999999
30	18	9.653484	99.999999
30	19	9.442454	99.999999
30	20	9.220016	99.999999
30	21	8.986172	99.999999
30	22	8.740920	99.999999
30	23	8.484262	99.999999
30	24	8.216196	99.999999
30	25	7.936723	99.999999
30	26	7.645843	100.000000
30	27	7.343557	100.000000
30	28	7.029863	100.000000
30	29	6.704762	100.000000
30	30	6.368254	100.000000
32	-32	6.358209	100.000000
32	-31	6.674627	100.000000
32	-30	6.981000	100.000000
32	-29	7.277328	100.000000
32	-28	7.563611	100.000000
32	-27	7.839848	100.000000
32	-26	8.106041	100.000000
32	-25	8.362189	100.000000
32	-24	8.608292	100.000000
32	-23	8.844350	100.000000
32	-22	9.070362	100.000000
32	-21	9.286330	100.000000
32	-20	9.492253	100.000000
32	-19	9.688131	100.000000
32	-18	9.873964	100.000000
32	-17	10.049751	100.000000
32	-16	10.215494	100.000000
32	-15	10.371192	100.000000
32	-14	10.516844	100.000000
32	-13	10.652452	100.000000
32	-12	10.778015	100.000000
32	-11	10.893532	100.000000
32	-10	10.999005	100.000000
32	-9	11.094433	100.000000
32	-8	11.179815	100.000000
32	-7	11.255153	100.000000
32	-6	11.320445	100.000000
32	-5	11.375693	100.000000
32	-4	11.420896	100.000000
32	-3	11.456053	100.000000
32	-2	11.481166	100.000000
32	-1	11.496233	100.000000
32	0	11.501256	100.000000
32	1	11.496233	100.000000
32	2	11.481166	100.000000
32	3	11.456053	100.000000
32	4	11.420896	100.000000
32	5	11.375693	100.000000
32	6	11.320445	100.000000
32	7	11.255153	100.000000
32	8	11.179815	100.000000
32	9	11.094433	100.000000
32	10	10.999005	100.000000
32	11	10.893532	100.000000
32	12	10.778015	100.000000
32	13	10.652452	100.000000
32	14	10.516844	100.000000
32	15	10.371192	100.000000
32	16	10.215494	100.000000
32	17	10.049751	100.000000
32	18	9.873964	100.000000
32	19	9.688131	100.000000
32	20	9.492253	100.000000
32	21	9.286330	100.000000
32	22	9.070362	100.000000
32	23	8.844350	100.000000
32	24	8.608292	100.000000
32	25	8.362189	100.000000
32	26	8.106041	100.000000
32	27	7.839848	100.000000
32	28	7.563611	100.000000
32	29	7.277328	100.000000
32	30	6.981000	100.000000
32	31	6.674627	100.000000
32	32	6.358209	100.000000
34	-34	6.349296	100.000000
34	-33	6.647887	100.000000
34	-32	6.937566	100.000000
34	-31	7.218331	100.000000
34	-30	7.490183	100.000000
34	-29	7.753122	100.000000
34	-28	8.007147	100.000000
34	-27	8.252260	100.000000
34	-26	8.488459	100.000000
34	-25	8.715745	100.000000
34	-24	8.934118	100.000000
34	-23	9.143578	100.000000
34	-22	9.344124	100.000000
34	-21	9.535758	100.000000
34	-20	9.718478	100.000000
34	-19	9.892285	100.000000
34	-18	10.057179	100.000000
34	-17	10.213160	100.000000
34	-16	10.360227	100.000000
34	-15	10.498381	100.000000
34	-14	10.627622	100.000000
34	-13	10.747950	100.000000
34	-12	10.859365	100.000000
34	-11	10.961867	100.000000
34	-10	11.055455	100.000000
34	-9	11.140130	100.000000
34	-8	11.215892	100.000000
34	-7	11.282741	100.000000
34	-6	11.340677	100.000000
34	-5	11.389699	100.000000
34	-4	11.429809	100.000000
34	-3	11.461005	100.000000
34	-2	11.483288	100.000000
34	-1	11.496658	100.000000
34	0	11.501114	100.000000
34	1	11.496658	100.000000
34	2	11.483288	100.000000
34	3	11.461005	100.000000
34	4	11.429809	100.000000
34	5	11.389699	100.000000
34	6	11.340677	100.000000
34	7	11.282741	100.000000
34	8	11.215892	100.000000
34	9	11.140130	100.000000
34	10	11.055455	100.000000
34	11	10.961867	100.000000
34	12	10.859365	100.000000
34	13	10.747950	100.000000
34	14	10.627622	100.000000
34	15	10.498381	100.000000
34	16	10.360227	100.000000
34	17	10.213160	100.000000
34	18	10.057179	100.000000
34	19	9.892285	100.000000
34	20	9.718478	100.000000
34	21	9.535758	100.000000
34	22	9.344124	100.000000
34	23	9.143578	100.000000
34	24	8.934118	100.000000
34	25	8.715745	100.000000
34	26	8.488459	100.000000
34	27	8.252260	100.000000
34	28	8.007147	100.000000
34	29	7.753122	100.000000
34	30	7.490183	100.000000
34	31	7.218331	100.000000
34	32	6.937566	100.000000
34	33	6.647887	100.000000
34	34	6.349296	100.000000
36	-36	6.341333	100.000000
36	-35	6.624000	100.000000
36	-34	6.898704	100.000000
36	-33	7.165446	100.000000
36	-32	7.424225	100.000000
36	-31	7.675042	100.000000
36	-30	7.917897	100.000000
36	-29	8.152789	100.000000
36	-28	8.379718	100.000000
36	-27	8.598685	100.000000
36	-26	8.809690	100.000000
36	-25	9.012732	100.000000
36	-24	9.207812	100.000000
36	-23	9.394930	100.000000
36	-22	9.574085	100.000000
36	-21	9.745277	100.000000
36	-20	9.908507	100.000000
36	-19	10.063775	100.000000
36	-18	10.211080	100.000000
36	-17	10.350423	100.000000
36	-16	10.481803	100.000000
36	-15	10.605221	100.000000
36	-14	10.720676	100.000000
36	-13	10.828169	100.000000
36	-12	10.927700	100.000000
36	-11	11.019268	100.000000
36	-10	11.102873	100.000000
36	-9	11.178516	100.000000
36	-8	11.246197	100.000000
36	-7	11.305915	100.000000
36	-6	11.357671	100.000000
36	-5	11.401465	100.000000
36	-4	11.437296	100.000000
36	-3	11.465164	100.000000
36	-2	11.485070	100.000000
36	-1	11.497014	100.000000
36	0	11.500995	100.000000
36	1	11.497014	100.000000
36	2	11.485070	100.000000
36	3	11.465164	100.000000
36	4	11.437296	100.000000
36	5	11.401465	100.000000
36	6	11.357671	100.000000
36	7	11.305915	100.000000
36	8	11.246197	100.000000
36	9	11.178516	100.000000
36	10	11.102873	100.000000
36	11	11.019268	100.000000
36	12	10.927700	100.000000
36	13	10.828169	100.000000
36	14	10.720676	100.000000
36	15	10.605221	100.000000
36	16	10.481803	100.000000
36	17	10.350423	100.000000
36	18	10.211080	100.000000
36	19	10.063775	100.000000
36	20	9.908507	100.000000
36	21	9.745277	100.000000
36	22	9.574085	100.000000
36	23	9.394930	100.000000
36	24	9.207812	100.000000
36	25	9.012732	100.000000
36	26	8.809690	100.000000
36	27	8.598685	100.000000
36	28	8.379718	100.000000
36	29	8.152789	100.000000
36	30	7.917897	100.000000
36	31	7.675042	100.000000
36	32	7.424225	100.000000
36	33	7.165446	100.000000
36	34	6.898704	100.000000
36	35	6.624000	100.000000
36	36	6.341333	100.000000
38	-38	6.334177	100.000000
38	-37	6.602532	100.000000
38	-36	6.863730	100.000000
38	-35	7.117772	100.000000
38	-34	7.364658	100.000000
38	-33	7.604388	100.000000
38	-32	7.836962	100.000000
38	-31	8.062380	100.000000
38	-30	8.280641	100.000000
38	-29	8.491747	100.000000
38	-28	8.695696	100.000000
38	-27	8.892489	100.000000
38	-26	9.082127	100.000000
38	-25	9.264608	100.000000
38	-24	9.439932	100.000000
38	-23	9.608101	100.000000
38	-22	9.769114	100.000000
38	-21	9.922970	100.000000
38	-20	10.069671	100.000000
38	-19	10.209215	100.000000
38	-18	10.341603	100.000000
38	-17	10.466835	100.000000
38	-16	10.584911	100.000000
38	-15	10.695831	100.000000
38	-14	10.799595	100.000000
38	-13	10.896203	100.000000
38	-12	10.985654	100.000000
38	-11	11.067949	100.000000
38	-10	11.143089	100.000000
38	-9	11.211072	100.000000
38	-8	11.271899	100.000000
38	-7	11.325570	100.000000
38	-6	11.372084	100.000000
38	-5	11.411443	100.000000
38	-4	11.443646	100.000000
38	-3	11.468692	100.000000
38	-2	11.486582	100.000000
38	-1	11.497316	100.000000
38	0	11.500895	100.000000
38	1	11.497316	100.000000
38	2	11.486582	100.000000
38	3	11.468692	100.000000
38	4	11.443646	100.000000
38	5	11.411443	100.000000
38	6	11.372084	100.000000
38	7	11.325570	100.000000
38	8	11.271899	100.000000
38	9	11.211072	100.000000
38	10	11.143089	100.000000
38	11	11.067949	100.000000
38	12	10.985654	100.000000
38	13	10.896203	100.000000
38	14	10.799595	100.000000
38	15	10.695831	100.000000
38	16	10.584911	100.000000
38	17	10.466835	100.000000
38	18	10.341603	100.000000
38	19	10.209215	100.000000
38	20	10.069671	100.000000
38	21	9.922970	100.000000
38	22	9.769114	100.000000
38	23	9.608101	100.000000
38	24	9.439932	100.000000
38	25	9.264608	100.000000
38	26	9.082127	100.000000
38	27	8.892489	100.000000
38	28	8.695696	100.000000
38	29	8.491747	100.000000
38	30	8.280641	100.000000
38	31	8.062380	100.000000
38	32	7.836962	100.000000
38	33	7.604388	100.000000
38	34	7.364658	100.000000
38	35	7.117772	100.000000
38	36	6.863730	100.000000
38	37	6.602532	100.000000
38	38	6.334177	100.000000
40	-40	6.327711	100.000000
40	-39	6.583133	100.000000
40	-38	6.832088	100.000000
40	-37	7.074577	100.000000
40	-36	7.310599	100.000000
40	-35	7.540156	100.000000
40	-34	7.763245	100.000000
40	-33	7.979869	100.000000
40	-32	8.190026	100.000000
40	-31	8.393717	100.000000
40	-30	8.590941	100.000000
40	-29	8.781699	100.000000
40	-28	8.965991	100.000000
40	-27	9.143816	100.000000
40	-26	9.315175	100.000000
40	-25	9.480067	100.000000
40	-24	9.638493	100.000000
40	-23	9.790453	100.000000
40	-22	9.935946	100.000000
40	-21	10.074973	100.000000
40	-20	10.207534	100.000000
40	-19	10.333628	100.000000
40	-18	10.453256	100.000000
40	-17	10.566418	100.000000
40	-16	10.673113	100.000000
40	-15	10.773341	100.000000
40	-14	10.867104	100.000000
40	-13	10.954400	100.000000
40	-12	11.035230	100.000000
40	-11	11.109593	100.000000
40	-10	11.177490	100.000000
40	-9	11.238920	100.000000
40	-8	11.293884	100.000000
40	-7	11.342382	100.000000
40	-6	11.384414	100.000000
40	-5	11.419979	100.000000
40	-4	11.449077	100.000000
40	-3	11.471710	100.000000
40	-2	11.487876	100.000000
40	-1	11.497575	100.000000
40	0	11.500808	100.000000
40	1	11.497575	100.000000
40	2	11.487876	100.000000
40	3	11.471710	100.000000
40	4	11.449077	100.000000
40	5	11.419979	100.000000
40	6	11.384414	100.000000
40	7	11.342382	100.000000
40	8	11.293884	100.000000
40	9	11.238920	100.000000
40	10	11.177490	100.000000
40	11	11.109593	100.000000
40	12	11.035230	100.000000
40	13	10.954400	100.000000
40	14	10.867104	100.000000
40	15	10.773341	100.000000
40	16	10.673113	100.000000
40	17	10.566418	100.000000
40	18	10.453256	100.000000
40	19	10.333628	100.000000
40	20	10.207534	100.000000
40	21	10.074973	100.000000
40	22	9.935946	100.000000
40	23	9.790453	100.000000
40	24	9.638493	100.000000
40	25	9.480067	100.000000
40	26	9.315175	100.000000
40	27	9.143816	100.000000
40	28	8.965991	100.000000
40	29	8.781699	100.000000
40	30	8.590941	100.000000
40	31	8.393717	100.000000
40	32	8.190026	100.000000
40	33	7.979869	100.000000
40	34	7.763245	100.000000
40	35	7.540156	100.000000
40	36	7.310599	100.000000
40	37	7.074577	100.000000
40	38	6.832088	100.000000
40	39	6.583133	100.000000
40	40	6.327711	100.000000
42	-42	6.321839	100.000000
42	-41	6.565517	100.000000
42	-40	6.803324	100.000000
42	-39	7.035258	100.000000
42	-38	7.261321	100.000000
42	-37	7.481512	100.000000
42	-36	7.695832	100.000000
42	-35	7.904279	100.000000
42	-34	8.106855	100.000000
42	-33	8.303559	100.000000
42	-32	8.494391	100.000000
42	-31	8.679352	100.000000
42	-30	8.858441	100.000000
42	-29	9.031658	100.000000
42	-28	9.199003	100.000000
42	-27	9.360476	100.000000
42	-26	9.516078	100.000000
42	-25	9.665808	100.000000
42	-24	9.809666	100.000000
42	-23	9.947653	100.000000
42	-22	10.079767	100.000000
42	-21	10.206010	100.000000
42	-20	10.326381	100.000000
42	-19	10.440881	100.000000
42	-18	10.549508	100.000000
42	-17	10.652264	100.000000
42	-16	10.749148	100.000000
42	-15	10.840161	100.000000
42	-14	10.925301	100.000000
42	-13	11.004570	100.000000
42	-12	11.077967	100.000000
42	-11	11.145492	100.000000
42	-10	11.207146	100.000000
42	-9	11.262928	100.000000
42	-8	11.312838	100.000000
42	-7	11.356876	100.000000
42	-6	11.395042	100.000000
42	-5	11.427337	100.000000
42	-4	11.453760	100.000000
42	-3	11.474311	100.000000
42	-2	11.488990	100.000000
42	-1	11.497798	100.000000
42	0	11.500734	100.000000
42	1	11.497798	100.000000
42	2	11.488990	100.000000
42	3	11.474311	100.000000
42	4	11.453760	100.000000
42	5	11.427337	100.000000
42	6	11.395042	100.000000
42	7	11.356876	100.000000
42	8	11.312838	100.000000
42	9	11.262928	100.000000
42	10	11.207146	100.000000
42	11	11.145492	100.000000
42	12	11.077967	100.000000
42	13	11.004570	100.000000
42	14	10.925301	100.000000
42	15	10.840161	100.000000
42	16	10.749148	100.000000
42	17	10.652264	100.000000
42	18	10.549508	100.000000
42	19	10.440881	100.000000
42	20	10.326381	100.000000
42	21	10.206010	100.000000
42	22	10.079767	100.000000
42	23	9.947653	100.000000
42	24	9.809666	100.000000
42	25	9.665808	100.000000
42	26	9.516078	100.000000
42	27	9.360476	100.000000
42	28	9.199003	100.000000
42	29	9.031658	100.000000
42	30	8.858441	100.000000
42	31	8.679352	100.000000
42	32	8.494391	100.000000
42	33	8.303559	100.000000
42	34	8.106855	100.000000
42	35	7.904279	100.000000
42	36	7.695832	100.000000
42	37	7.481512	100.000000
42	38	7.261321	100.000000
42	39	7.035258	100.000000
42	40	6.803324	100.000000
42	41	6.565517	100.000000
42	42	6.321839	100.000000
44	-44	6.316484	100.000000
44	-43	6.549451	100.000000
44	-42	6.777062	100.000000
44	-41	6.999318	100.000000
44	-40	7.216218	100.000000
44	-39	7.427763	100.000000
44	-38	7.633952	100.000000
44	-37	7.834786	100.000000
44	-36	8.030264	100.000000
44	-35	8.220387	100.000000
44	-34	8.405153	100.000000
44	-33	8.584565	100.000000
44	-32	8.758621	100.000000
44	-31	8.927321	100.000000
44	-30	9.090666	100.000000
44	-29	9.248655	100.000000
44	-28	9.401288	100.000000
44	-27	9.548566	100.000000
44	-26	9.690489	100.000000
44	-25	9.827056	100.000000
44	-24	9.958267	100.000000
44	-23	10.084123	100.000000
44	-22	10.204623	100.000000
44	-21	10.319768	100.000000
44	-20	10.429557	100.000000
44	-19	10.533990	100.000000
44	-18	10.633068	100.000000
44	-17	10.726790	100.000000
44	-16	10.815157	100.000000
44	-15	10.898168	100.000000
44	-14	10.975824	100.000000
44	-13	11.048124	100.000000
44	-12	11.115069	100.000000
44	-11	11.176658	100.000000
44	-10	11.232891	100.000000
44	-9	11.283769	100.000000
44	-8	11.329291	100.000000
44	-7	11.369458	100.000000
44	-6	11.404269	100.000000
44	-5	11.433725	100.000000
44	-4	11.457825	100.000000
44	-3	11.476569	100.000000
44	-2	11.489958	100.000000
44	-1	11.497992	100.000000
44	0	11.500669	100.000000
44	1	11.497992	100.000000
44	2	11.489958	100.000000
44	3	11.476569	100.000000
44	4	11.457825	100.000000
44	5	11.433725	100.000000
44	6	11.404269	100.000000
44	7	11.369458	100.000000
44	8	11.329291	100.000000
44	9	11.283769	100.000000
44	10	11.232891	100.000000
44	11	11.176658	100.000000
44	12	11.115069	100.000000
44	13	11.048124	100.000000
44	14	10.975824	100.000000
44	15	10.898168	100.000000
44	16	10.815157	100.000000
44	17	10.726790	100.000000
44	18	10.633068	100.000000
44	19	10.533990	100.000000
44	20	10.429557	100.000000
44	21	10.319768	100.000000
44	22	10.204623	100.000000
44	23	10.084123	100.000000
44	24	9.958267	100.000000
44	25	9.827056	100.000000
44	26	9.690489	100.000000
44	27	9.548566	100.000000
44	28	9.401288	100.000000
44	29	9.248655	100.000000
44	30	9.090666	100.000000
44	31	8.927321	100.000000
44	32	8.758621	100.000000
44	33	8.584565	100.000000
44	34	8.405153	100.000000
44	35	8.220387	100.000000
44	36	8.030264	100.000000
44	37	7.834786	100.000000
44	38	7.633952	100.000000
44	39	7.427763	100.000000
44	40	7.216218	100.000000
44	41	6.999318	100.000000
44	42	6.777062	100.000000
44	43	6.549451	100.000000
44	44	6.316484	100.000000
46	-46	6.311579	100.000000
46	-45	6.534737	100.000000
46	-44	6.752990	100.000000
46	-43	6.966339	100.000000
46	-42	7.174783	100.000000
46	-41	7.378323	100.000000
46	-40	7.576958	100.000000
46	-39	7.770688	100.000000
46	-38	7.959514	100.000000
46	-37	8.143436	100.000000
46	-36	8.322452	100.000000
46	-35	8.496564	100.000000
46	-34	8.665772	100.000000
46	-33	8.830075	100.000000
46	-32	8.989474	100.000000
46	-31	9.143968	100.000000
46	-30	9.293557	100.000000
46	-29	9.438242	100.000000
46	-28	9.578022	100.000000
46	-27	9.712898	100.000000
46	-26	9.842869	100.000000
46	-25	9.967935	100.000000
46	-24	10.088097	100.000000
46	-23	10.203355	100.000000
46	-22	10.313707	100.000000
46	-21	10.419156	100.000000
46	-20	10.519699	100.000000
46	-19	10.615338	100.000000
46	-18	10.706073	100.000000
46	-17	10.791903	100.000000
46	-16	10.872828	100.000000
46	-15	10.948849	100.000000
46	-14	11.019965	100.000000
46	-13	11.086177	100.000000
46	-12	11.147484	100.000000
46	-11	11.203887	100.000000
46	-10	11.255385	100.000000
46	-9	11.301978	100.000000
46	-8	11.343667	100.000000
46	-7	11.380451	100.000000
46	-6	11.412331	100.000000
46	-5	11.439306	100.000000
46	-4	11.461377	100.000000
46	-3	11.478543	100.000000
46	-2	11.490804	100.000000
46	-1	11.498161	100.000000
46	0	11.500613	100.000000
46	1	11.498161	100.000000
46	2	11.490804	100.000000
46	3	11.478543	100.000000
46	4	11.461377	100.000000
46	5	11.439306	100.000000
46	6	11.412331	100.000000
46	7	11.380451	100.000000
46	8	11.343667	100.000000
46	9	11.301978	100.000000
46	10	11.255385	100.000000
46	11	11.203887	100.000000
46	12	11.147484	100.000000
46	13	11.086177	100.000000
46	14	11.019965	100.000000
46	15	10.948849	100.000000
46	16	10.872828	100.000000
46	17	10.791903	100.000000
46	18	10.706073	100.000000
46	19	10.615338	100.000000
46	20	10.519699	100.000000
46	21	10.419156	100.000000
46	22	10.313707	100.000000
46	23	10.203355	100.000000
46	24	10.088097	100.000000
46	25	9.967935	100.000000
46	26	9.842869	100.000000
46	27	9.712898	100.000000
46	28	9.578022	100.000000
46	29	9.438242	100.000000
46	30	9.293557	100.000000
46	31	9.143968	100.000000
46	32	8.989474	100.000000
46	33	8.830075	100.000000
46	34	8.665772	100.000000
46	35	8.496564	100.000000
46	36	8.322452	100.000000
46	37	8.143436	100.000000
46	38	7.959514	100.000000
46	39	7.770688	100.000000
46	40	7.576958	100.000000
46	41	7.378323	100.000000
46	42	7.174783	100.000000
46	43	6.966339	100.000000
46	44	6.752990	100.000000
46	45	6.534737	100.000000
46	46	6.311579	100.000000
48	-48	6.307071	100.000000
48	-47	6.521212	100.000000
48	-46	6.730845	100.000000
48	-45	6.935970	100.000000
48	-44	7.136587	100.000000
48	-43	7.332695	100.000000
48	-42	7.524296	100.000000
48	-41	7.711388	100.000000
48	-40	7.893971	100.000000
48	-39	8.072047	100.000000
48	-38	8.245614	100.000000
48	-37	8.414673	100.000000
48	-36	8.579224	100.000000
48	-35	8.739266	100.000000
48	-34	8.894801	100.000000
48	-33	9.045827	100.000000
48	-32	9.192344	100.000000
48	-31	9.334354	100.000000
48	-30	9.471855	100.000000
48	-29	9.604848	100.000000
48	-28	9.733333	100.000000
48	-27	9.857310	100.000000
48	-26	9.976778	100.000000
48	-25	10.091738	100.000000
48	-24	10.202190	100.000000
48	-23	10.308134	100.000000
48	-22	10.409569	100.000000
48	-21	10.506497	100.000000
48	-20	10.598915	100.000000
48	-19	10.686826	100.000000
48	-18	10.770229	100.000000
48	-17	10.849123	100.000000
48	-16	10.923509	100.000000
48	-15	10.993386	100.000000
48	-14	11.058756	100.000000
48	-13	11.119617	100.000000
48	-12	11.175970	100.000000
48	-11	11.227815	100.000000
48	-10	11.275152	100.000000
48	-9	11.317980	100.000000
48	-8	11.356300	100.000000
48	-7	11.390112	100.000000
48	-6	11.419415	100.000000
48	-5	11.444211	100.000000
48	-4	11.464498	100.000000
48	-3	11.480276	100.000000
48	-2	11.491547	100.000000
48	-1	11.498309	100.000000
48	0	11.500564	100.000000
48	1	11.498309	100.000000
48	2	11.491547	100.000000
48	3	11.480276	100.000000
48	4	11.464498	100.000000
48	5	11.444211	100.000000
48	6	11.419415	100.000000
48	7	11.390112	100.000000
48	8	11.356300	100.000000
48	9	11.317980	100.000000
48	10	11.275152	100.000000
48	11	11.227815	100.000000
48	12	11.175970	100.000000
48	13	11.119617	100.000000
48	14	11.058756	100.000000
48	15	10.993386	100.000000
48	16	10.923509	100.000000
48	17	10.849123	100.000000
48	18	10.770229	100.000000
48	19	10.686826	100.000000
48	20	10.598915	100.000000
48	21	10.506497	100.000000
48	22	10.409569	100.000000
48	23	10.308134	100.000000
48	24	10.202190	100.000000
48	25	10.091738	100.000000
48	26	9.976778	100.000000
48	27	9.857310	100.000000
48	28	9.733333	100.000000
48	29	9.604848	100.000000
48	30	9.471855	100.000000
48	31	9.334354	100.000000
48	32	9.192344	100.000000
48	33	9.045827	100.000000
48	34	8.894801	100.000000
48	35	8.739266	100.000000
48	36	8.579224	100.000000
48	37	8.414673	100.000000
48	38	8.245614	100.000000
48	39	8.072047	100.000000
48	40	7.893971	100.000000
48	41	7.711388	100.000000
48	42	7.524296	100.000000
48	43	7.332695	100.000000
48	44	7.136587	100.000000
48	45	6.935970	100.000000
48	46	6.730845	100.000000
48	47	6.521212	100.000000
48	48	6.307071	100.000000
50	-50	6.302913	100.000000
50	-49	6.508738	100.000000
50	-48	6.710405	100.000000
50	-47	6.907914	100.000000
50	-46	7.101265	100.000000
50	-45	7.290458	100.000000
50	-44	7.475493	100.000000
50	-43	7.656370	100.000000
50	-42	7.833088	100.000000
50	-41	8.005649	100.000000
50	-40	8.174051	100.000000
50	-39	8.338296	100.000000
50	-38	8.498382	100.000000
50	-37	8.654310	100.000000
50	-36	8.806080	100.000000
50	-35	8.953692	100.000000
50	-34	9.097146	100.000000
50	-33	9.236442	100.000000
50	-32	9.371580	100.000000
50	-31	9.502560	100.000000
50	-30	9.629381	100.000000
50	-29	9.752045	100.000000
50	-28	9.870550	100.000000
50	-27	9.984898	100.000000
50	-26	10.095087	100.000000
50	-25	10.201118	100.000000
50	-24	10.302991	100.000000
50	-23	10.400706	100.000000
50	-22	10.494263	100.000000
50	-21	10.583662	100.000000
50	-20	10.668903	100.000000
50	-19	10.749985	100.000000
50	-18	10.826910	100.000000
50	-17	10.899676	100.000000
50	-16	10.968285	100.000000
50	-15	11.032735	100.000000
50	-14	11.093027	100.000000
50	-13	11.149162	100.000000
50	-12	11.201138	100.000000
50	-11	11.248956	100.000000
50	-10	11.292615	100.000000
50	-9	11.332117	100.000000
50	-8	11.367461	100.000000
50	-7	11.398647	100.000000
50	-6	11.425674	100.000000
50	-5	11.448544	100.000000
50	-4	11.467255	100.000000
50	-3	11.481808	100.000000
50	-2	11.492204	100.000000
50	-1	11.498441	100.000000
50	0	11.500520	100.000000
50	1	11.498441	100.000000
50	2	11.492204	100.000000
50	3	11.481808	100.000000
50	4	11.467255	100.000000
50	5	11.448544	100.000000
50	6	11.425674	100.000000
50	7	11.398647	100.000000
50	8	11.367461	100.000000
50	9	11.332117	100.000000
50	10	11.292615	100.000000
50	11	11.248956	100.000000
50	12	11.201138	100.000000
50	13	11.149162	100.000000
50	14	11.093027	100.000000
50	15	11.032735	100.000000
50	16	10.968285	100.000000
50	17	10.899676	100.000000
50	18	10.826910	100.000000
50	19	10.749985	100.000000
50	20	10.668903	100.000000
50	21	10.583662	100.000000
50	22	10.494263	100.000000
50	23	10.400706	100.000000
50	24	10.302991	100.000000
50	25	10.201118	100.000000
50	26	10.095087	100.000000
50	27	9.984898	100.000000
50	28	9.870550	100.000000
50	29	9.752045	100.000000
50	30	9.629381	100.000000
50	31	9.502560	100.000000
50	32	9.371580	100.000000
50	33	9.236442	100.000000
50	34	9.097146	100.000000
50	35	8.953692	100.000000
50	36	8.806080	100.000000
50	37	8.654310	100.000000
50	38	8.498382	100.000000
50	39	8.338296	100.000000
50	40	8.174051	100.000000
50	41	8.005649	100.000000
50	42	7.833088	100.000000
50	43	7.656370	100.000000
50	44	7.475493	100.000000
50	45	7.290458	100.000000
50	46	7.101265	100.000000
50	47	6.907914	100.000000
50	48	6.710405	100.000000
50	49	6.508738	100.000000
50	50	6.302913	100.000000
