0	0	9.733333	0.448922
2	-2	7.714286	0.891849
2	-1	10.742857	1.334777
2	0	11.752381	1.777704
2	1	10.742857	2.220632
2	2	7.714286	2.663559
4	-4	7.163636	3.092810
4	-3	9.090909	3.522060
4	-2	10.467532	3.951310
4	-1	11.293506	4.380560
4	0	11.568831	4.809811
4	1	11.293506	5.239061
4	2	10.467532	5.668311
4	3	9.090909	6.097561
4	4	7.163636	6.526811
6	-6	6.906667	6.935417
6	-5	8.320000	7.344023
6	-4	9.476364	7.752628
6	-3	10.375758	8.161234
6	-2	11.018182	8.569840
6	-1	11.403636	8.978445
6	0	11.532121	9.387051
6	1	11.403636	9.795656
6	2	11.018182	10.204262
6	3	10.375758	10.612868
6	4	9.476364	11.021473
6	5	8.320000	11.430079
6	6	6.906667	11.838685
8	-8	6.757895	12.220729
8	-7	7.873684	12.602774
8	-6	8.840702	12.984818
8	-5	9.658947	13.366863
8	-4	10.328421	13.748908
8	-3	10.849123	14.130952
8	-2	11.221053	14.512997
8	-1	11.444211	14.895041
8	0	11.518596	15.277086
8	1	11.444211	15.659131
8	2	11.221053	16.041175
8	3	10.849123	16.423220
8	4	10.328421	16.805264
8	5	9.658947	17.187309
8	6	8.840702	17.569354
8	7	7.873684	17.951398
8	8	6.757895	18.333443
10	-10	6.660870	18.684308
10	-9	7.582609	19.035172
10	-8	8.407323	19.386037
10	-7	9.135011	19.736902
10	-6	9.765675	20.087767
10	-5	10.299314	20.438631
10	-4	10.735927	20.789496
10	-3	11.075515	21.140361
10	-2	11.318078	21.491226
10	-1	11.463616	21.842090
10	0	11.512128	22.192955
10	1	11.463616	22.543820
10	2	11.318078	22.894685
10	3	11.075515	23.245549
10	4	10.735927	23.596414
10	5	10.299314	23.947279
10	6	9.765675	24.298144
10	7	9.135011	24.649008
10	8	8.407323	24.999873
10	9	7.582609	25.350738
10	10	6.660870	25.701603
12	-12	6.592593	26.018108
12	-11	7.377778	26.334614
12	-10	8.094686	26.651119
12	-9	8.743317	26.967625
12	-8	9.323671	27.284130
12	-7	9.835749	27.600636
12	-6	10.279549	27.917141
12	-5	10.655072	28.233647
12	-4	10.962319	28.550152
12	-3	11.201288	28.866658
12	-2	11.371981	29.183164
12	-1	11.474396	29.499669
12	0	11.508535	29.816175
12	1	11.474396	30.132680
12	2	11.371981	30.449186
12	3	11.201288	30.765691
12	4	10.962319	31.082197
12	5	10.655072	31.398702
12	6	10.279549	31.715208
12	7	9.835749	32.031714
12	8	9.323671	32.348219
12	9	8.743317	32.664725
12	10	8.094686	32.981230
12	11	7.377778	33.297736
12	12	6.592593	33.614241
14	-14	6.541935	33.894681
14	-13	7.225806	34.175120
14	-12	7.859020	34.455559
14	-11	8.441577	34.735998
14	-10	8.973477	35.016438
14	-9	9.454719	35.296877
14	-8	9.885305	35.577316
14	-7	10.265233	35.857756
14	-6	10.594504	36.138195
14	-5	10.873118	36.418634
14	-4	11.101075	36.699073
14	-3	11.278375	36.979513
14	-2	11.405018	37.259952
14	-1	11.481004	37.540391
14	0	11.506332	37.820831
14	1	11.481004	38.101270
14	2	11.405018	38.381709
14	3	11.278375	38.662148
14	4	11.101075	38.942588
14	5	10.873118	39.223027
14	6	10.594504	39.503466
14	7	10.265233	39.783906
14	8	9.885305	40.064345
14	9	9.454719	40.344784
14	10	8.973477	40.625223
14	11	8.441577	40.905663
14	12	7.859020	41.186102
14	13	7.225806	41.466541
14	14	6.541935	41.746981
16	-16	6.502857	41.991049
16	-15	7.108571	42.235118
16	-14	7.675207	42.479187
16	-13	8.202765	42.723256
16	-12	8.691244	42.967325
16	-11	9.140645	43.211393
16	-10	9.550968	43.455462
16	-9	9.922212	43.699531
16	-8	10.254378	43.943600
16	-7	10.547465	44.187669
16	-6	10.801475	44.431738
16	-5	11.016406	44.675806
16	-4	11.192258	44.919875
16	-3	11.329032	45.163944
16	-2	11.426728	45.408013
16	-1	11.485346	45.652082
16	0	11.504885	45.896150
16	1	11.485346	46.140219
16	2	11.426728	46.384288
16	3	11.329032	46.628357
16	4	11.192258	46.872426
16	5	11.016406	47.116495
16	6	10.801475	47.360563
16	7	10.547465	47.604632
16	8	10.254378	47.848701
16	9	9.922212	48.092770
16	10	9.550968	48.336839
16	11	9.140645	48.580908
16	12	8.691244	48.824976
16	13	8.202765	49.069045
16	14	7.675207	49.313114
16	15	7.108571	49.557183
16	16	6.502857	49.801252
18	-18	6.471795	50.009894
18	-17	7.015385	50.218536
18	-16	7.527912	50.427178
18	-15	8.009377	50.635820
18	-14	8.459780	50.844461
18	-13	8.879121	51.053103
18	-12	9.267399	51.261745
18	-11	9.624615	51.470387
18	-10	9.950769	51.679029
18	-9	10.245861	51.887671
18	-8	10.509890	52.096313
18	-7	10.742857	52.304955
18	-6	10.944762	52.513597
18	-5	11.115604	52.722239
18	-4	11.255385	52.930881
18	-3	11.364103	53.139523
18	-2	11.441758	53.348165
18	-1	11.488352	53.556807
18	0	11.503883	53.765449
18	1	11.488352	53.974091
18	2	11.441758	54.182733
18	3	11.364103	54.391375
18	4	11.255385	54.600017
18	5	11.115604	54.808659
18	6	10.944762	55.017301
18	7	10.742857	55.225943
18	8	10.509890	55.434585
18	9	10.245861	55.643227
18	10	9.950769	55.851869
18	11	9.624615	56.060511
18	12	9.267399	56.269153
18	13	8.879121	56.477795
18	14	8.459780	56.686437
18	15	8.009377	56.895079
18	16	7.527912	57.103721
18	17	7.015385	57.312363
18	18	6.471795	57.521005
20	-20	6.446512	57.696194
20	-19	6.939535	57.871383
20	-18	7.407275	58.046572
20	-17	7.849732	58.221761
20	-16	8.266905	58.396950
20	-15	8.658795	58.572139
20	-14	9.025403	58.747328
20	-13	9.366726	58.922517
20	-12	9.682767	59.097706
20	-11	9.973524	59.272895
20	-10	10.238998	59.448084
20	-9	10.479189	59.623273
20	-8	10.694097	59.798462
20	-7	10.883721	59.973652
20	-6	11.048062	60.148841
20	-5	11.187120	60.324030
20	-4	11.300894	60.499219
20	-3	11.389386	60.674408
20	-2	11.452594	60.849597
20	-1	11.490519	61.024786
20	0	11.503160	61.199975
20	1	11.490519	61.375164
20	2	11.452594	61.550353
20	3	11.389386	61.725542
20	4	11.300894	61.900731
20	5	11.187120	62.075920
20	6	11.048062	62.251109
20	7	10.883721	62.426298
20	8	10.694097	62.601487
20	9	10.479189	62.776677
20	10	10.238998	62.951866
20	11	9.973524	63.127055
20	12	9.682767	63.302244
20	13	9.366726	63.477433
20	14	9.025403	63.652622
20	15	8.658795	63.827811
20	16	8.266905	64.003000
20	17	7.849732	64.178189
20	18	7.407275	64.353378
20	19	6.939535	64.528567
20	20	6.446512	64.703756
22	-22	6.425532	64.848243
22	-21	6.876596	64.992730
22	-20	7.306680	65.137217
22	-19	7.715784	65.281704
22	-18	8.103909	65.426190
22	-17	8.471054	65.570677
22	-16	8.817219	65.715164
22	-15	9.142405	65.859651
22	-14	9.446611	66.004138
22	-13	9.729837	66.148624
22	-12	9.992083	66.293111
22	-11	10.233350	66.437598
22	-10	10.453637	66.582085
22	-9	10.652944	66.726572
22	-8	10.831272	66.871059
22	-7	10.988619	67.015545
22	-6	11.124988	67.160032
22	-5	11.240376	67.304519
22	-4	11.334785	67.449006
22	-3	11.408214	67.593493
22	-2	11.460663	67.737979
22	-1	11.492133	67.882466
22	0	11.502622	68.026953
22	1	11.492133	68.171440
22	2	11.460663	68.315927
22	3	11.408214	68.460414
22	4	11.334785	68.604900
22	5	11.240376	68.749387
22	6	11.124988	68.893874
22	7	10.988619	69.038361
22	8	10.831272	69.182848
22	9	10.652944	69.327334
22	10	10.453637	69.471821
22	11	10.233350	69.616308
22	12	9.992083	69.760795
22	13	9.729837	69.905282
22	14	9.446611	70.049769
22	15	9.142405	70.194255
22	16	8.817219	70.338742
22	17	8.471054	70.483229
22	18	8.103909	70.627716
22	19	7.715784	70.772203
22	20	7.306680	70.916689
22	21	6.876596	71.061176
22	22	6.425532	71.205663
24	-24	6.407843	71.322712
24	-23	6.823529	71.439760
24	-22	7.221527	71.556808
24	-21	7.601836	71.673857
24	-20	7.964456	71.790905
24	-19	8.309387	71.907953
24	-18	8.636629	72.025002
24	-17	8.946183	72.142050
24	-16	9.238048	72.259099
24	-15	9.512224	72.376147
24	-14	9.768711	72.493195
24	-13	10.007509	72.610244
24	-12	10.228619	72.727292
24	-11	10.432040	72.844340
24	-10	10.617772	72.961389
24	-9	10.785816	73.078437
24	-8	10.936170	73.195486
24	-7	11.068836	73.312534
24	-6	11.183813	73.429582
24	-5	11.281101	73.546631
24	-4	11.360701	73.663679
24	-3	11.422612	73.780727
24	-2	11.466834	73.897776
24	-1	11.493367	74.014824
24	0	11.502211	74.131873
24	1	11.493367	74.248921
24	2	11.466834	74.365969
24	3	11.422612	74.483018
24	4	11.360701	74.600066
24	5	11.281101	74.717114
24	6	11.183813	74.834163
24	7	11.068836	74.951211
24	8	10.936170	75.068260
24	9	10.785816	75.185308
24	10	10.617772	75.302356
24	11	10.432040	75.419405
24	12	10.228619	75.536453
24	13	10.007509	75.653501
24	14	9.768711	75.770550
24	15	9.512224	75.887598
24	16	9.238048	76.004647
24	17	8.946183	76.121695
24	18	8.636629	76.238743
24	19	8.309387	76.355792
24	20	7.964456	76.472840
24	21	7.601836	76.589888
24	22	7.221527	76.706937
24	23	6.823529	76.823985
24	24	6.407843	76.941034
26	-26	6.392727	77.034170
26	-25	6.778182	77.127306
26	-24	7.148520	77.220442
26	-23	7.503743	77.313578
26	-22	7.843850	77.406715
26	-21	8.168841	77.499851
26	-20	8.478717	77.592987
26	-19	8.773476	77.686123
26	-18	9.053119	77.779259
26	-17	9.317647	77.872396
26	-16	9.567059	77.965532
26	-15	9.801355	78.058668
26	-14	10.020535	78.151804
26	-13	10.224599	78.244940
26	-12	10.413547	78.338077
26	-11	10.587380	78.431213
26	-10	10.746096	78.524349
26	-9	10.889697	78.617485
26	-8	11.018182	78.710621
26	-7	11.131551	78.803758
26	-6	11.229804	78.896894
26	-5	11.312941	78.990030
26	-4	11.380963	79.083166
26	-3	11.433868	79.176302
26	-2	11.471658	79.269439
26	-1	11.494332	79.362575
26	0	11.501889	79.455711
26	1	11.494332	79.548847
26	2	11.471658	79.641983
26	3	11.433868	79.735120
26	4	11.380963	79.828256
26	5	11.312941	79.921392
26	6	11.229804	80.014528
26	7	11.131551	80.107664
26	8	11.018182	80.200800
26	9	10.889697	80.293937
26	10	10.746096	80.387073
26	11	10.587380	80.480209
26	12	10.413547	80.573345
26	13	10.224599	80.666481
26	14	10.020535	80.759618
26	15	9.801355	80.852754
26	16	9.567059	80.945890
26	17	9.317647	81.039026
26	18	9.053119	81.132162
26	19	8.773476	81.225299
26	20	8.478717	81.318435
26	21	8.168841	81.411571
26	22	7.843850	81.504707
26	23	7.503743	81.597843
26	24	7.148520	81.690980
26	25	6.778182	81.784116
26	26	6.392727	81.877252
28	-28	6.379661	81.950045
28	-27	6.738983	82.022837
28	-26	7.085239	82.095630
28	-25	7.418428	82.168423
28	-24	7.738552	82.241215
28	-23	8.045609	82.314008
28	-22	8.339599	82.386801
28	-21	8.620524	82.459593
28	-20	8.888382	82.532386
28	-19	9.143174	82.605178
28	-18	9.384900	82.677971
28	-17	9.613559	82.750764
28	-16	9.829153	82.823556
28	-15	10.031680	82.896349
28	-14	10.221140	82.969142
28	-13	10.397535	83.041934
28	-12	10.560863	83.114727
28	-11	10.711125	83.187520
28	-10	10.848320	83.260312
28	-9	10.972450	83.333105
28	-8	11.083513	83.405898
28	-7	11.181510	83.478690
28	-6	11.266441	83.551483
28	-5	11.338305	83.624276
28	-4	11.397103	83.697068
28	-3	11.442835	83.769861
28	-2	11.475501	83.842654
28	-1	11.495100	83.915446
28	0	11.501633	83.988239
28	1	11.495100	84.061031
28	2	11.475501	84.133824
28	3	11.442835	84.206617
28	4	11.397103	84.279409
28	5	11.338305	84.352202
28	6	11.266441	84.424995
28	7	11.181510	84.497787
28	8	11.083513	84.570580
28	9	10.972450	84.643373
28	10	10.848320	84.716165
28	11	10.711125	84.788958
28	12	10.560863	84.861751
28	13	10.397535	84.934543
28	14	10.221140	85.007336
28	15	10.031680	85.080129
28	16	9.829153	85.152921
28	17	9.613559	85.225714
28	18	9.384900	85.298506
28	19	9.143174	85.371299
28	20	8.888382	85.444092
28	21	8.620524	85.516884
28	22	8.339599	85.589677
28	23	8.045609	85.662470
28	24	7.738552	85.735262
28	25	7.418428	85.808055
28	26	7.085239	85.880848
28	27	6.738983	85.953640
28	28	6.379661	86.026433
30	-30	6.368254	86.082315
30	-29	6.704762	86.138197
30	-28	7.029863	86.194079
30	-27	7.343557	86.249961
30	-26	7.645843	86.305843
30	-25	7.936723	86.361725
30	-24	8.216196	86.417607
30	-23	8.484262	86.473490
30	-22	8.740920	86.529372
30	-21	8.986172	86.585254
30	-20	9.220016	86.641136
30	-19	9.442454	86.697018
30	-18	9.653484	86.752900
30	-17	9.853107	86.808782
30	-16	10.041324	86.864664
30	-15	10.218133	86.920546
30	-14	10.383535	86.976428
30	-13	10.537530	87.032310
30	-12	10.680118	87.088192
30	-11	10.811299	87.144074
30	-10	10.931073	87.199956
30	-9	11.039440	87.255838
30	-8	11.136400	87.311721
30	-7	11.221953	87.367603
30	-6	11.296099	87.423485
30	-5	11.358838	87.479367
30	-4	11.410169	87.535249
30	-3	11.450094	87.591131
30	-2	11.478612	87.647013
30	-1	11.495722	87.702895
30	0	11.501426	87.758777
30	1	11.495722	87.814659
30	2	11.478612	87.870541
30	3	11.450094	87.926423
30	4	11.410169	87.982305
30	5	11.358838	88.038187
30	6	11.296099	88.094070
30	7	11.221953	88.149952
30	8	11.136400	88.205834
30	9	11.039440	88.261716
30	10	10.931073	88.317598
30	11	10.811299	88.373480
30	12	10.680118	88.429362
30	13	10.537530	88.485244
30	14	10.383535	88.541126
30	15	10.218133	88.597008
30	16	10.041324	88.652890
30	17	9.853107	88.708772
30	18	9.653484	88.764654
30	19	9.442454	88.820536
30	20	9.220016	88.876418
30	21	8.986172	88.932301
30	22	8.740920	88.988183
30	23	8.484262	89.044065
30	24	8.216196	89.099947
30	25	7.936723	89.155829
30	26	7.645843	89.211711
30	27	7.343557	89.267593
30	28	7.029863	89.323475
30	29	6.704762	89.379357
30	30	6.368254	89.435239
32	-32	6.358209	89.477377
32	-31	6.674627	89.519515
32	-30	6.981000	89.561653
32	-29	7.277328	89.603791
32	-28	7.563611	89.645929
32	-27	7.839848	89.688067
32	-26	8.106041	89.730205
32	-25	8.362189	89.772343
32	-24	8.608292	89.814481
32	-23	8.844350	89.856619
32	-22	9.070362	89.898757
32	-21	9.286330	89.940895
32	-20	9.492253	89.983032
32	-19	9.688131	90.025170
32	-18	9.873964	90.067308
32	-17	10.049751	90.109446
32	-16	10.215494	90.151584
32	-15	10.371192	90.193722
32	-14	10.516844	90.235860
32	-13	10.652452	90.277998
32	-12	10.778015	90.320136
32	-11	10.893532	90.362274
32	-10	10.999005	90.404412
32	-9	11.094433	90.446550
32	-8	11.179815	90.488688
32	-7	11.255153	90.530826
32	-6	11.320445	90.572964
32	-5	11.375693	90.615102
32	-4	11.420896	90.657240
32	-3	11.456053	90.699378
32	-2	11.481166	90.741516
32	-1	11.496233	90.783653
32	0	11.501256	90.825791
32	1	11.496233	90.867929
32	2	11.481166	90.910067
32	3	11.456053	90.952205
32	4	11.420896	90.994343
32	5	11.375693	91.036481
32	6	11.320445	91.078619
32	7	11.255153	91.120757
32	8	11.179815	91.162895
32	9	11.094433	91.205033
32	10	10.999005	91.247171
32	11	10.893532	91.289309
32	12	10.778015	91.331447
32	13	10.652452	91.373585
32	14	10.516844	91.415723
32	15	10.371192	91.457861
32	16	10.215494	91.499999
32	17	10.049751	91.542136
32	18	9.873964	91.584274
32	19	9.688131	91.626412
32	20	9.492253	91.668550
32	21	9.286330	91.710688
32	22	9.070362	91.752826
32	23	8.844350	91.794964
32	24	8.608292	91.837102
32	25	8.362189	91.879240
32	26	8.106041	91.921378
32	27	7.839848	91.963516
32	28	7.563611	92.005654
32	29	7.277328	92.047792
32	30	6.981000	92.089930
32	31	6.674627	92.132068
32	32	6.358209	92.174206
34	-34	6.349296	92.205415
34	-33	6.647887	92.236625
34	-32	6.937566	92.267835
34	-31	7.218331	92.299045
34	-30	7.490183	92.330254
34	-29	7.753122	92.361464
34	-28	8.007147	92.392674
34	-27	8.252260	92.423884
34	-26	8.488459	92.455093
34	-25	8.715745	92.486303
34	-24	8.934118	92.517513
34	-23	9.143578	92.548723
34	-22	9.344124	92.579932
34	-21	9.535758	92.611142
34	-20	9.718478	92.642352
34	-19	9.892285	92.673562
34	-18	10.057179	92.704771
34	-17	10.213160	92.735981
34	-16	10.360227	92.767191
34	-15	10.498381	92.798400
34	-14	10.627622	92.829610
34	-13	10.747950	92.860820
34	-12	10.859365	92.892030
34	-11	10.961867	92.923239
34	-10	11.055455	92.954449
34	-9	11.140130	92.985659
34	-8	11.215892	93.016869
34	-7	11.282741	93.048078
34	-6	11.340677	93.079288
34	-5	11.389699	93.110498
34	-4	11.429809	93.141708
34	-3	11.461005	93.172917
34	-2	11.483288	93.204127
34	-1	11.496658	93.235337
34	0	11.501114	93.266547
34	1	11.496658	93.297756
34	2	11.483288	93.328966
34	3	11.461005	93.360176
34	4	11.429809	93.391386
34	5	11.389699	93.422595
34	6	11.340677	93.453805
34	7	11.282741	93.485015
34	8	11.215892	93.516225
34	9	11.140130	93.547434
34	10	11.055455	93.578644
34	11	10.961867	93.609854
34	12	10.859365	93.641064
34	13	10.747950	93.672273
34	14	10.627622	93.703483
34	15	10.498381	93.734693
34	16	10.360227	93.765902
34	17	10.213160	93.797112
34	18	10.057179	93.828322
34	19	9.892285	93.859532
34	20	9.718478	93.890741
34	21	9.535758	93.921951
34	22	9.344124	93.953161
34	23	9.143578	93.984371
34	24	8.934118	94.015580
34	25	8.715745	94.046790
34	26	8.488459	94.078000
34	27	8.252260	94.109210
34	28	8.007147	94.140419
34	29	7.753122	94.171629
34	30	7.490183	94.202839
34	31	7.218331	94.234049
34	32	6.937566	94.265258
34	33	6.647887	94.296468
34	34	6.349296	94.327678
36	-36	6.341333	94.350383
36	-35	6.624000	94.373088
36	-34	6.898704	94.395793
36	-33	7.165446	94.418498
36	-32	7.424225	94.441203
36	-31	7.675042	94.463908
36	-30	7.917897	94.486613
36	-29	8.152789	94.509318
36	-28	8.379718	94.532024
36	-27	8.598685	94.554729
36	-26	8.809690	94.577434
36	-25	9.012732	94.600139
36	-24	9.207812	94.622844
36	-23	9.394930	94.645549
36	-22	9.574085	94.668254
36	-21	9.745277	94.690959
36	-20	9.908507	94.713664
36	-19	10.063775	94.736369
36	-18	10.211080	94.759074
36	-17	10.350423	94.781779
36	-16	10.481803	94.804484
36	-15	10.605221	94.827189
36	-14	10.720676	94.849895
36	-13	10.828169	94.872600
36	-12	10.927700	94.895305
36	-11	11.019268	94.918010
36	-10	11.102873	94.940715
36	-9	11.178516	94.963420
36	-8	11.246197	94.986125
36	-7	11.305915	95.008830
36	-6	11.357671	95.031535
36	-5	11.401465	95.054240
36	-4	11.437296	95.076945
36	-3	11.465164	95.099650
36	-2	11.485070	95.122355
36	-1	11.497014	95.145060
36	0	11.500995	95.167766
36	1	11.497014	95.190471
36	2	11.485070	95.213176
36	3	11.465164	95.235881
36	4	11.437296	95.258586
36	5	11.401465	95.281291
36	6	11.357671	95.303996
36	7	11.305915	95.326701
36	8	11.246197	95.349406
36	9	11.178516	95.372111
36	10	11.102873	95.394816
36	11	11.019268	95.417521
36	12	10.927700	95.440226
36	13	10.828169	95.462932
36	14	10.720676	95.485637
36	15	10.605221	95.508342
36	16	10.481803	95.531047
36	17	10.350423	95.553752
36	18	10.211080	95.576457
36	19	10.063775	95.599162
36	20	9.908507	95.621867
36	21	9.745277	95.644572
36	22	9.574085	95.667277
36	23	9.394930	95.689982
36	24	9.207812	95.712687
36	25	9.012732	95.735392
36	26	8.809690	95.758097
36	27	8.598685	95.780803
36	28	8.379718	95.803508
36	29	8.152789	95.826213
36	30	7.917897	95.848918
36	31	7.675042	95.871623
36	32	7.424225	95.894328
36	33	7.165446	95.917033
36	34	6.898704	95.939738
36	35	6.624000	95.962443
36	36	6.341333	95.985148
38	-38	6.334177	96.001373
38	-37	6.602532	96.017597
38	-36	6.863730	96.033822
38	-35	7.117772	96.050046
38	-34	7.364658	96.066271
38	-33	7.604388	96.082495
38	-32	7.836962	96.098720
38	-31	8.062380	96.114944
38	-30	8.280641	96.131169
38	-29	8.491747	96.147393
38	-28	8.695696	96.163618
38	-27	8.892489	96.179842
38	-26	9.082127	96.196067
38	-25	9.264608	96.212291
38	-24	9.439932	96.228516
38	-23	9.608101	96.244740
38	-22	9.769114	96.260965
38	-21	9.922970	96.277189
38	-20	10.069671	96.293414
38	-19	10.209215	96.309638
38	-18	10.341603	96.325863
38	-17	10.466835	96.342087
38	-16	10.584911	96.358312
38	-15	10.695831	96.374536
38	-14	10.799595	96.390761
38	-13	10.896203	96.406985
38	-12	10.985654	96.423210
38	-11	11.067949	96.439435
38	-10	11.143089	96.455659
38	-9	11.211072	96.471884
38	-8	11.271899	96.488108
38	-7	11.325570	96.504333
38	-6	11.372084	96.520557
38	-5	11.411443	96.536782
38	-4	11.443646	96.553006
38	-3	11.468692	96.569231
38	-2	11.486582	96.585455
38	-1	11.497316	96.601680
38	0	11.500895	96.617904
38	1	11.497316	96.634129
38	2	11.486582	96.650353
38	3	11.468692	96.666578
38	4	11.443646	96.682802
38	5	11.411443	96.699027
38	6	11.372084	96.715251
38	7	11.325570	96.731476
38	8	11.271899	96.747700
38	9	11.211072	96.763925
38	10	11.143089	96.780149
38	11	11.067949	96.796374
38	12	10.985654	96.812598
38	13	10.896203	96.828823
38	14	10.799595	96.845047
38	15	10.695831	96.861272
38	16	10.584911	96.877496
38	17	10.466835	96.893721
38	18	10.341603	96.909945
38	19	10.209215	96.926170
38	20	10.069671	96.942394
38	21	9.922970	96.958619
38	22	9.769114	96.974843
38	23	9.608101	96.991068
38	24	9.439932	97.007292
38	25	9.264608	97.023517
38	26	9.082127	97.039741
38	27	8.892489	97.055966
38	28	8.695696	97.072190
38	29	8.491747	97.088415
38	30	8.280641	97.104639
38	31	8.062380	97.120864
38	32	7.836962	97.137088
38	33	7.604388	97.153313
38	34	7.364658	97.169537
38	35	7.117772	97.185762
38	36	6.863730	97.201986
38	37	6.602532	97.218211
38	38	6.334177	97.234436
40	-40	6.327711	97.245823
40	-39	6.583133	97.257211
40	-38	6.832088	97.268599
40	-37	7.074577	97.279986
40	-36	7.310599	97.291374
40	-35	7.540156	97.302762
40	-34	7.763245	97.314149
40	-33	7.979869	97.325537
40	-32	8.190026	97.336925
40	-31	8.393717	97.348313
40	-30	8.590941	97.359700
40	-29	8.781699	97.371088
40	-28	8.965991	97.382476
40	-27	9.143816	97.393863
40	-26	9.315175	97.405251
40	-25	9.480067	97.416639
40	-24	9.638493	97.428026
40	-23	9.790453	97.439414
40	-22	9.935946	97.450802
40	-21	10.074973	97.462190
40	-20	10.207534	97.473577
40	-19	10.333628	97.484965
40	-18	10.453256	97.496353
40	-17	10.566418	97.507740
40	-16	10.673113	97.519128
40	-15	10.773341	97.530516
40	-14	10.867104	97.541904
40	-13	10.954400	97.553291
40	-12	11.035230	97.564679
40	-11	11.109593	97.576067
40	-10	11.177490	97.587454
40	-9	11.238920	97.598842
40	-8	11.293884	97.610230
40	-7	11.342382	97.621617
40	-6	11.384414	97.633005
40	-5	11.419979	97.644393
40	-4	11.449077	97.655781
40	-3	11.471710	97.667168
40	-2	11.487876	97.678556
40	-1	11.497575	97.689944
40	0	11.500808	97.701331
40	1	11.497575	97.712719
40	2	11.487876	97.724107
40	3	11.471710	97.735495
40	4	11.449077	97.746882
40	5	11.419979	97.758270
40	6	11.384414	97.769658
40	7	11.342382	97.781045
40	8	11.293884	97.792433
40	9	11.238920	97.803821
40	10	11.177490	97.815208
40	11	11.109593	97.826596
40	12	11.035230	97.837984
40	13	10.954400	97.849372
40	14	10.867104	97.860759
40	15	10.773341	97.872147
40	16	10.673113	97.883535
40	17	10.566418	97.894922
40	18	10.453256	97.906310
40	19	10.333628	97.917698
40	20	10.207534	97.929085
40	21	10.074973	97.940473
40	22	9.935946	97.951861
40	23	9.790453	97.963249
40	24	9.638493	97.974636
40	25	9.480067	97.986024
40	26	9.315175	97.997412
40	27	9.143816	98.008799
40	28	8.965991	98.020187
40	29	8.781699	98.031575
40	30	8.590941	98.042963
40	31	8.393717	98.054350
40	32	8.190026	98.065738
40	33	7.979869	98.077126
40	34	7.763245	98.088513
40	35	7.540156	98.099901
40	36	7.310599	98.111289
40	37	7.074577	98.122676
40	38	6.832088	98.134064
40	39	6.583133	98.145452
40	40	6.327711	98.156840
42	-42	6.321839	98.164690
42	-41	6.565517	98.172541
42	-40	6.803324	98.180392
42	-39	7.035258	98.188243
42	-38	7.261321	98.196094
42	-37	7.481512	98.203945
42	-36	7.695832	98.211796
42	-35	7.904279	98.219646
42	-34	8.106855	98.227497
42	-33	8.303559	98.235348
42	-32	8.494391	98.243199
42	-31	8.679352	98.251050
42	-30	8.858441	98.258901
42	-29	9.031658	98.266751
42	-28	9.199003	98.274602
42	-27	9.360476	98.282453
42	-26	9.516078	98.290304
42	-25	9.665808	98.298155
42	-24	9.809666	98.306006
42	-23	9.947653	98.313857
42	-22	10.079767	98.321707
42	-21	10.206010	98.329558
42	-20	10.326381	98.337409
42	-19	10.440881	98.345260
42	-18	10.549508	98.353111
42	-17	10.652264	98.360962
42	-16	10.749148	98.368813
42	-15	10.840161	98.376663
42	-14	10.925301	98.384514
42	-13	11.004570	98.392365
42	-12	11.077967	98.400216
42	-11	11.145492	98.408067
42	-10	11.207146	98.415918
42	-9	11.262928	98.423768
42	-8	11.312838	98.431619
42	-7	11.356876	98.439470
42	-6	11.395042	98.447321
42	-5	11.427337	98.455172
42	-4	11.453760	98.463023
42	-3	11.474311	98.470874
42	-2	11.488990	98.478724
42	-1	11.497798	98.486575
42	0	11.500734	98.494426
42	1	11.497798	98.502277
42	2	11.488990	98.510128
42	3	11.474311	98.517979
42	4	11.453760	98.525830
42	5	11.427337	98.533680
42	6	11.395042	98.541531
42	7	11.356876	98.549382
42	8	11.312838	98.557233
42	9	11.262928	98.565084
42	10	11.207146	98.572935
42	11	11.145492	98.580786
42	12	11.077967	98.588636
42	13	11.004570	98.596487
42	14	10.925301	98.604338
42	15	10.840161	98.612189
42	16	10.749148	98.620040
42	17	10.652264	98.627891
42	18	10.549508	98.635741
42	19	10.440881	98.643592
42	20	10.326381	98.651443
42	21	10.206010	98.659294
42	22	10.079767	98.667145
42	23	9.947653	98.674996
42	24	9.809666	98.682847
42	25	9.665808	98.690697
42	26	9.516078	98.698548
42	27	9.360476	98.706399
42	28	9.199003	98.714250
42	29	9.031658	98.722101
42	30	8.858441	98.729952
42	31	8.679352	98.737803
42	32	8.494391	98.745653
42	33	8.303559	98.753504
42	34	8.106855	98.761355
42	35	7.904279	98.769206
42	36	7.695832	98.777057
42	37	7.481512	98.784908
42	38	7.261321	98.792758
42	39	7.035258	98.800609
42	40	6.803324	98.808460
42	41	6.565517	98.816311
42	42	6.321839	98.824162
44	-44	6.316484	98.829478
44	-43	6.549451	98.834795
44	-42	6.777062	98.840111
44	-41	6.999318	98.845427
44	-40	7.216218	98.850744
44	-39	7.427763	98.856060
44	-38	7.633952	98.861376
44	-37	7.834786	98.866693
44	-36	8.030264	98.872009
44	-35	8.220387	98.877325
44	-34	8.405153	98.882642
44	-33	8.584565	98.887958
44	-32	8.758621	98.893274
44	-31	8.927321	98.898591
44	-30	9.090666	98.903907
44	-29	9.248655	98.909223
44	-28	9.401288	98.914540
44	-27	9.548566	98.919856
44	-26	9.690489	98.925172
44	-25	9.827056	98.930489
44	-24	9.958267	98.935805
44	-23	10.084123	98.941121
44	-22	10.204623	98.946438
44	-21	10.319768	98.951754
44	-20	10.429557	98.957071
44	-19	10.533990	98.962387
44	-18	10.633068	98.967703
44	-17	10.726790	98.973020
44	-16	10.815157	98.978336
44	-15	10.898168	98.983652
44	-14	10.975824	98.988969
44	-13	11.048124	98.994285
44	-12	11.115069	98.999601
44	-11	11.176658	99.004918
44	-10	11.232891	99.010234
44	-9	11.283769	99.015550
44	-8	11.329291	99.020867
44	-7	11.369458	99.026183
44	-6	11.404269	99.031499
44	-5	11.433725	99.036816
44	-4	11.457825	99.042132
44	-3	11.476569	99.047448
44	-2	11.489958	99.052765
44	-1	11.497992	99.058081
44	0	11.500669	99.063397
44	1	11.497992	99.068714
44	2	11.489958	99.074030
44	3	11.476569	99.079346
44	4	11.457825	99.084663
44	5	11.433725	99.089979
44	6	11.404269	99.095295
44	7	11.369458	99.100612
44	8	11.329291	99.105928
44	9	11.283769	99.111245
44	10	11.232891	99.116561
44	11	11.176658	99.121877
44	12	11.115069	99.127194
44	13	11.048124	99.132510
44	14	10.975824	99.137826
44	15	10.898168	99.143143
44	16	10.815157	99.148459
44	17	10.726790	99.153775
44	18	10.633068	99.159092
44	19	10.533990	99.164408
44	20	10.429557	99.169724
44	21	10.319768	99.175041
44	22	10.204623	99.180357
44	23	10.084123	99.185673
44	24	9.958267	99.190990
44	25	9.827056	99.196306
44	26	9.690489	99.201622
44	27	9.548566	99.206939
44	28	9.401288	99.212255
44	29	9.248655	99.217571
44	30	9.090666	99.222888
44	31	8.927321	99.228204
44	32	8.758621	99.233520
44	33	8.584565	99.238837
44	34	8.405153	99.244153
44	35	8.220387	99.249470
44	36	8.030264	99.254786
44	37	7.834786	99.260102
44	38	7.633952	99.265419
44	39	7.427763	99.270735
44	40	7.216218	99.276051
44	41	6.999318	99.281368
44	42	6.777062	99.286684
44	43	6.549451	99.292000
44	44	6.316484	99.297317
46	-46	6.311579	99.300853
46	-45	6.534737	99.304389
46	-44	6.752990	99.307925
46	-43	6.966339	99.311461
46	-42	7.174783	99.314997
46	-41	7.378323	99.318533
46	-40	7.576958	99.322069
46	-39	7.770688	99.325605
46	-38	7.959514	99.329142
46	-37	8.143436	99.332678
46	-36	8.322452	99.336214
46	-35	8.496564	99.339750
46	-34	8.665772	99.343286
46	-33	8.830075	99.346822
46	-32	8.989474	99.350358
46	-31	9.143968	99.353894
46	-30	9.293557	99.357430
46	-29	9.438242	99.360967
46	-28	9.578022	99.364503
46	-27	9.712898	99.368039
46	-26	9.842869	99.371575
46	-25	9.967935	99.375111
46	-24	10.088097	99.378647
46	-23	10.203355	99.382183
46	-22	10.313707	99.385719
46	-21	10.419156	99.389255
46	-20	10.519699	99.392792
46	-19	10.615338	99.396328
46	-18	10.706073	99.399864
46	-17	10.791903	99.403400
46	-16	10.872828	99.406936
46	-15	10.948849	99.410472
46	-14	11.019965	99.414008
46	-13	11.086177	99.417544
46	-12	11.147484	99.421080
46	-11	11.203887	99.424617
46	-10	11.255385	99.428153
46	-9	11.301978	99.431689
46	-8	11.343667	99.435225
46	-7	11.380451	99.438761
46	-6	11.412331	99.442297
46	-5	11.439306	99.445833
46	-4	11.461377	99.449369
46	-3	11.478543	99.452905
46	-2	11.490804	99.456441
46	-1	11.498161	99.459978
46	0	11.500613	99.463514
46	1	11.498161	99.467050
46	2	11.490804	99.470586
46	3	11.478543	99.474122
46	4	11.461377	99.477658
46	5	11.439306	99.481194
46	6	11.412331	99.484730
46	7	11.380451	99.488266
46	8	11.343667	99.491803
46	9	11.301978	99.495339
46	10	11.255385	99.498875
46	11	11.203887	99.502411
46	12	11.147484	99.505947
46	13	11.086177	99.509483
46	14	11.019965	99.513019
46	15	10.948849	99.516555
46	16	10.872828	99.520091
46	17	10.791903	99.523628
46	18	10.706073	99.527164
46	19	10.615338	99.530700
46	20	10.519699	99.534236
46	21	10.419156	99.537772
46	22	10.313707	99.541308
46	23	10.203355	99.544844
46	24	10.088097	99.548380
46	25	9.967935	99.551916
46	26	9.842869	99.555453
46	27	9.712898	99.558989
46	28	9.578022	99.562525
46	29	9.438242	99.566061
46	30	9.293557	99.569597
46	31	9.143968	99.573133
46	32	8.989474	99.576669
46	33	8.830075	99.580205
46	34	8.665772	99.583741
46	35	8.496564	99.587278
46	36	8.322452	99.590814
46	37	8.143436	99.594350
46	38	7.959514	99.597886
46	39	7.770688	99.601422
46	40	7.576958	99.604958
46	41	7.378323	99.608494
46	42	7.174783	99.612030
46	43	6.966339	99.615566
46	44	6.752990	99.619102
46	45	6.534737	99.622639
46	46	6.311579	99.626175
48	-48	6.307071	99.628485
48	-47	6.521212	99.630795
48	-46	6.730845	99.633105
48	-45	6.935970	99.635416
48	-44	7.136587	99.637726
48	-43	7.332695	99.640036
48	-42	7.524296	99.642346
48	-41	7.711388	99.644656
48	-40	7.893971	99.646967
48	-39	8.072047	99.649277
48	-38	8.245614	99.651587
48	-37	8.414673	99.653897
48	-36	8.579224	99.656208
48	-35	8.739266	99.658518
48	-34	8.894801	99.660828
48	-33	9.045827	99.663138
48	-32	9.192344	99.665448
48	-31	9.334354	99.667759
48	-30	9.471855	99.670069
48	-29	9.604848	99.672379
48	-28	9.733333	99.674689
48	-27	9.857310	99.677000
48	-26	9.976778	99.679310
48	-25	10.091738	99.681620
48	-24	10.202190	99.683930
48	-23	10.308134	99.686240
48	-22	10.409569	99.688551
48	-21	10.506497	99.690861
48	-20	10.598915	99.693171
48	-19	10.686826	99.695481
48	-18	10.770229	99.697792
48	-17	10.849123	99.700102
48	-16	10.923509	99.702412
48	-15	10.993386	99.704722
48	-14	11.058756	99.707032
48	-13	11.119617	99.709343
48	-12	11.175970	99.711653
48	-11	11.227815	99.713963
48	-10	11.275152	99.716273
48	-9	11.317980	99.718584
48	-8	11.356300	99.720894
48	-7	11.390112	99.723204
48	-6	11.419415	99.725514
48	-5	11.444211	99.727825
48	-4	11.464498	99.730135
48	-3	11.480276	99.732445
48	-2	11.491547	99.734755
48	-1	11.498309	99.737065
48	0	11.500564	99.739376
48	1	11.498309	99.741686
48	2	11.491547	99.743996
48	3	11.480276	99.746306
48	4	11.464498	99.748617
48	5	11.444211	99.750927
48	6	11.419415	99.753237
48	7	11.390112	99.755547
48	8	11.356300	99.757857
48	9	11.317980	99.760168
48	10	11.275152	99.762478
48	11	11.227815	99.764788
48	12	11.175970	99.767098
48	13	11.119617	99.769409
48	14	11.058756	99.771719
48	15	10.993386	99.774029
48	16	10.923509	99.776339
48	17	10.849123	99.778649
48	18	10.770229	99.780960
48	19	10.686826	99.783270
48	20	10.598915	99.785580
48	21	10.506497	99.787890
48	22	10.409569	99.790201
48	23	10.308134	99.792511
48	24	10.202190	99.794821
48	25	10.091738	99.797131
48	26	9.976778	99.799441
48	27	9.857310	99.801752
48	28	9.733333	99.804062
48	29	9.604848	99.806372
48	30	9.471855	99.808682
48	31	9.334354	99.810993
48	32	9.192344	99.813303
48	33	9.045827	99.815613
48	34	8.894801	99.817923
48	35	8.739266	99.820233
48	36	8.579224	99.822544
48	37	8.414673	99.824854
48	38	8.245614	99.827164
48	39	8.072047	99.829474
48	40	7.893971	99.831785
48	41	7.711388	99.834095
48	42	7.524296	99.836405
48	43	7.332695	99.838715
48	44	7.136587	99.841025
48	45	6.935970	99.843336
48	46	6.730845	99.845646
48	47	6.521212	99.847956
48	48	6.307071	99.850266
50	-50	6.302913	99.851749
50	-49	6.508738	99.853231
50	-48	6.710405	99.854714
50	-47	6.907914	99.856196
50	-46	7.101265	99.857679
50	-45	7.290458	99.859161
50	-44	7.475493	99.860644
50	-43	7.656370	99.862126
50	-42	7.833088	99.863609
50	-41	8.005649	99.865091
50	-40	8.174051	99.866574
50	-39	8.338296	99.868056
50	-38	8.498382	99.869539
50	-37	8.654310	99.871021
50	-36	8.806080	99.872504
50	-35	8.953692	99.873987
50	-34	9.097146	99.875469
50	-33	9.236442	99.876952
50	-32	9.371580	99.878434
50	-31	9.502560	99.879917
50	-30	9.629381	99.881399
50	-29	9.752045	99.882882
50	-28	9.870550	99.884364
50	-27	9.984898	99.885847
50	-26	10.095087	99.887329
50	-25	10.201118	99.888812
50	-24	10.302991	99.890294
50	-23	10.400706	99.891777
50	-22	10.494263	99.893259
50	-21	10.583662	99.894742
50	-20	10.668903	99.896224
50	-19	10.749985	99.897707
50	-18	10.826910	99.899189
50	-17	10.899676	99.900672
50	-16	10.968285	99.902154
50	-15	11.032735	99.903637
50	-14	11.093027	99.905119
50	-13	11.149162	99.906602
50	-12	11.201138	99.908084
50	-11	11.248956	99.909567
50	-10	11.292615	99.911049
50	-9	11.332117	99.912532
50	-8	11.367461	99.914014
50	-7	11.398647	99.915497
50	-6	11.425674	99.916979
50	-5	11.448544	99.918462
50	-4	11.467255	99.919944
50	-3	11.481808	99.921427
50	-2	11.492204	99.922909
50	-1	11.498441	99.924392
50	0	11.500520	99.925874
50	1	11.498441	99.927357
50	2	11.492204	99.928839
50	3	11.481808	99.930322
50	4	11.467255	99.931804
50	5	11.448544	99.933287
50	6	11.425674	99.934769
50	7	11.398647	99.936252
50	8	11.367461	99.937735
50	9	11.332117	99.939217
50	10	11.292615	99.940700
50	11	11.248956	99.942182
50	12	11.201138	99.943665
50	13	11.149162	99.945147
50	14	11.093027	99.946630
50	15	11.032735	99.948112
50	16	10.968285	99.949595
50	17	10.899676	99.951077
50	18	10.826910	99.952560
50	19	10.749985	99.954042
50	20	10.668903	99.955525
50	21	10.583662	99.957007
50	22	10.494263	99.958490
50	23	10.400706	99.959972
50	24	10.302991	99.961455
50	25	10.201118	99.962937
50	26	10.095087	99.964420
50	27	9.984898	99.965902
50	28	9.870550	99.967385
50	29	9.752045	99.968867
50	30	9.629381	99.970350
50	31	9.502560	99.971832
50	32	9.371580	99.973315
50	33	9.236442	99.974797
50	34	9.097146	99.976280
50	35	8.953692	99.977762
50	36	8.806080	99.979245
50	37	8.654310	99.980727
50	38	8.498382	99.982210
50	39	8.338296	99.983692
50	40	8.174051	99.985175
50	41	8.005649	99.986657
50	42	7.833088	99.988140
50	43	7.656370	99.989622
50	44	7.475493	99.991105
50	45	7.290458	99.992587
50	46	7.101265	99.994070
50	47	6.907914	99.995552
50	48	6.710405	99.997035
50	49	6.508738	99.998517
50	50	6.302913	100.000000
