0	0	9.733333	0.193361
2	-2	7.714286	0.385713
2	-1	10.742857	0.578066
2	0	11.752381	0.770419
2	1	10.742857	0.962771
2	2	7.714286	1.155124
4	-4	7.163636	1.345144
4	-3	9.090909	1.535165
4	-2	10.467532	1.725185
4	-1	11.293506	1.915206
4	0	11.568831	2.105227
4	1	11.293506	2.295247
4	2	10.467532	2.485268
4	3	9.090909	2.675288
4	4	7.163636	2.865309
6	-6	6.906667	3.051722
6	-5	8.320000	3.238135
6	-4	9.476364	3.424547
6	-3	10.375758	3.610960
6	-2	11.018182	3.797373
6	-1	11.403636	3.983786
6	0	11.532121	4.170199
6	1	11.403636	4.356612
6	2	11.018182	4.543025
6	3	10.375758	4.729438
6	4	9.476364	4.915851
6	5	8.320000	5.102263
6	6	6.906667	5.288676
8	-8	6.757895	5.470280
8	-7	7.873684	5.651883
8	-6	8.840702	5.833487
8	-5	9.658947	6.015090
8	-4	10.328421	6.196694
8	-3	10.849123	6.378297
8	-2	11.221053	6.559901
8	-1	11.444211	6.741504
8	0	11.518596	6.923108
8	1	11.444211	7.104711
8	2	11.221053	7.286315
8	3	10.849123	7.467918
8	4	10.328421	7.649522
8	5	9.658947	7.831125
8	6	8.840702	8.012729
8	7	7.873684	8.194332
8	8	6.757895	8.375936
10	-10	6.660870	8.551625
10	-9	7.582609	8.727314
10	-8	8.407323	8.903003
10	-7	9.135011	9.078693
10	-6	9.765675	9.254382
10	-5	10.299314	9.430071
10	-4	10.735927	9.605761
10	-3	11.075515	9.781450
10	-2	11.318078	9.957139
10	-1	11.463616	10.132828
10	0	11.512128	10.308518
10	1	11.463616	10.484207
10	2	11.318078	10.659896
10	3	11.075515	10.835585
10	4	10.735927	11.011275
10	5	10.299314	11.186964
10	6	9.765675	11.362653
10	7	9.135011	11.538343
10	8	8.407323	11.714032
10	9	7.582609	11.889721
10	10	6.660870	12.065410
12	-12	6.592593	12.234198
12	-11	7.377778	12.402985
12	-10	8.094686	12.571772
12	-9	8.743317	12.740559
12	-8	9.323671	12.909346
12	-7	9.835749	13.078133
12	-6	10.279549	13.246920
12	-5	10.655072	13.415707
12	-4	10.962319	13.584494
12	-3	11.201288	13.753281
12	-2	11.371981	13.922068
12	-1	11.474396	14.090855
12	0	11.508535	14.259643
12	1	11.474396	14.428430
12	2	11.371981	14.597217
12	3	11.201288	14.766004
12	4	10.962319	14.934791
12	5	10.655072	15.103578
12	6	10.279549	15.272365
12	7	9.835749	15.441152
12	8	9.323671	15.609939
12	9	8.743317	15.778726
12	10	8.094686	15.947513
12	11	7.377778	16.116301
12	12	6.592593	16.285088
14	-14	6.541935	16.446117
14	-13	7.225806	16.607147
14	-12	7.859020	16.768177
14	-11	8.441577	16.929206
14	-10	8.973477	17.090236
14	-9	9.454719	17.251266
14	-8	9.885305	17.412296
14	-7	10.265233	17.573325
14	-6	10.594504	17.734355
14	-5	10.873118	17.895385
14	-4	11.101075	18.056414
14	-3	11.278375	18.217444
14	-2	11.405018	18.378474
14	-1	11.481004	18.539504
14	0	11.506332	18.700533
14	1	11.481004	18.861563
14	2	11.405018	19.022593
14	3	11.278375	19.183623
14	4	11.101075	19.344652
14	5	10.873118	19.505682
14	6	10.594504	19.666712
14	7	10.265233	19.827741
14	8	9.885305	19.988771
14	9	9.454719	20.149801
14	10	8.973477	20.310831
14	11	8.441577	20.471860
14	12	7.859020	20.632890
14	13	7.225806	20.793920
14	14	6.541935	20.954949
16	-16	6.502857	21.107511
16	-15	7.108571	21.260073
16	-14	7.675207	21.412635
16	-13	8.202765	21.565196
16	-12	8.691244	21.717758
16	-11	9.140645	21.870320
16	-10	9.550968	22.022882
16	-9	9.922212	22.175444
16	-8	10.254378	22.328005
16	-7	10.547465	22.480567
16	-6	10.801475	22.633129
16	-5	11.016406	22.785691
16	-4	11.192258	22.938252
16	-3	11.329032	23.090814
16	-2	11.426728	23.243376
16	-1	11.485346	23.395938
16	0	11.504885	23.548499
16	1	11.485346	23.701061
16	2	11.426728	23.853623
16	3	11.329032	24.006185
16	4	11.192258	24.158746
16	5	11.016406	24.311308
16	6	10.801475	24.463870
16	7	10.547465	24.616432
16	8	10.254378	24.768994
16	9	9.922212	24.921555
16	10	9.550968	25.074117
16	11	9.140645	25.226679
16	12	8.691244	25.379241
16	13	8.202765	25.531802
16	14	7.675207	25.684364
16	15	7.108571	25.836926
16	16	6.502857	25.989488
18	-18	6.471795	26.133023
18	-17	7.015385	26.276558
18	-16	7.527912	26.420093
18	-15	8.009377	26.563628
18	-14	8.459780	26.707163
18	-13	8.879121	26.850699
18	-12	9.267399	26.994234
18	-11	9.624615	27.137769
18	-10	9.950769	27.281304
18	-9	10.245861	27.424839
18	-8	10.509890	27.568374
18	-7	10.742857	27.711909
18	-6	10.944762	27.855445
18	-5	11.115604	27.998980
18	-4	11.255385	28.142515
18	-3	11.364103	28.286050
18	-2	11.441758	28.429585
18	-1	11.488352	28.573120
18	0	11.503883	28.716655
18	1	11.488352	28.860190
18	2	11.441758	29.003726
18	3	11.364103	29.147261
18	4	11.255385	29.290796
18	5	11.115604	29.434331
18	6	10.944762	29.577866
18	7	10.742857	29.721401
18	8	10.509890	29.864936
18	9	10.245861	30.008472
18	10	9.950769	30.152007
18	11	9.624615	30.295542
18	12	9.267399	30.439077
18	13	8.879121	30.582612
18	14	8.459780	30.726147
18	15	8.009377	30.869682
18	16	7.527912	31.013218
18	17	7.015385	31.156753
18	18	6.471795	31.300288
20	-20	6.446512	31.434393
20	-19	6.939535	31.568497
20	-18	7.407275	31.702602
20	-17	7.849732	31.836706
20	-16	8.266905	31.970811
20	-15	8.658795	32.104915
20	-14	9.025403	32.239020
20	-13	9.366726	32.373125
20	-12	9.682767	32.507229
20	-11	9.973524	32.641334
20	-10	10.238998	32.775438
20	-9	10.479189	32.909543
20	-8	10.694097	33.043648
20	-7	10.883721	33.177752
20	-6	11.048062	33.311857
20	-5	11.187120	33.445961
20	-4	11.300894	33.580066
20	-3	11.389386	33.714171
20	-2	11.452594	33.848275
20	-1	11.490519	33.982380
20	0	11.503160	34.116484
20	1	11.490519	34.250589
20	2	11.452594	34.384693
20	3	11.389386	34.518798
20	4	11.300894	34.652903
20	5	11.187120	34.787007
20	6	11.048062	34.921112
20	7	10.883721	35.055216
20	8	10.694097	35.189321
20	9	10.479189	35.323426
20	10	10.238998	35.457530
20	11	9.973524	35.591635
20	12	9.682767	35.725739
20	13	9.366726	35.859844
20	14	9.025403	35.993949
20	15	8.658795	36.128053
20	16	8.266905	36.262158
20	17	7.849732	36.396262
20	18	7.407275	36.530367
20	19	6.939535	36.664471
20	20	6.446512	36.798576
22	-22	6.425532	36.922999
22	-21	6.876596	37.047423
22	-20	7.306680	37.171846
22	-19	7.715784	37.296269
22	-18	8.103909	37.420693
22	-17	8.471054	37.545116
22	-16	8.817219	37.669540
22	-15	9.142405	37.793963
22	-14	9.446611	37.918386
22	-13	9.729837	38.042810
22	-12	9.992083	38.167233
22	-11	10.233350	38.291656
22	-10	10.453637	38.416080
22	-9	10.652944	38.540503
22	-8	10.831272	38.664926
22	-7	10.988619	38.789350
22	-6	11.124988	38.913773
22	-5	11.240376	39.038196
22	-4	11.334785	39.162620
22	-3	11.408214	39.287043
22	-2	11.460663	39.411466
22	-1	11.492133	39.535890
22	0	11.502622	39.660313
22	1	11.492133	39.784737
22	2	11.460663	39.909160
22	3	11.408214	40.033583
22	4	11.334785	40.158007
22	5	11.240376	40.282430
22	6	11.124988	40.406853
22	7	10.988619	40.531277
22	8	10.831272	40.655700
22	9	10.652944	40.780123
22	10	10.453637	40.904547
22	11	10.233350	41.028970
22	12	9.992083	41.153393
22	13	9.729837	41.277817
22	14	9.446611	41.402240
22	15	9.142405	41.526663
22	16	8.817219	41.651087
22	17	8.471054	41.775510
22	18	8.103909	41.899934
22	19	7.715784	42.024357
22	20	7.306680	42.148780
22	21	6.876596	42.273204
22	22	6.425532	42.397627
24	-24	6.407843	42.512266
24	-23	6.823529	42.626905
24	-22	7.221527	42.741544
24	-21	7.601836	42.856184
24	-20	7.964456	42.970823
24	-19	8.309387	43.085462
24	-18	8.636629	43.200101
24	-17	8.946183	43.314740
24	-16	9.238048	43.429379
24	-15	9.512224	43.544019
24	-14	9.768711	43.658658
24	-13	10.007509	43.773297
24	-12	10.228619	43.887936
24	-11	10.432040	44.002575
24	-10	10.617772	44.117214
24	-9	10.785816	44.231854
24	-8	10.936170	44.346493
24	-7	11.068836	44.461132
24	-6	11.183813	44.575771
24	-5	11.281101	44.690410
24	-4	11.360701	44.805049
24	-3	11.422612	44.919689
24	-2	11.466834	45.034328
24	-1	11.493367	45.148967
24	0	11.502211	45.263606
24	1	11.493367	45.378245
24	2	11.466834	45.492884
24	3	11.422612	45.607524
24	4	11.360701	45.722163
24	5	11.281101	45.836802
24	6	11.183813	45.951441
24	7	11.068836	46.066080
24	8	10.936170	46.180719
24	9	10.785816	46.295359
24	10	10.617772	46.409998
24	11	10.432040	46.524637
24	12	10.228619	46.639276
24	13	10.007509	46.753915
24	14	9.768711	46.868554
24	15	9.512224	46.983194
24	16	9.238048	47.097833
24	17	8.946183	47.212472
24	18	8.636629	47.327111
24	19	8.309387	47.441750
24	20	7.964456	47.556389
24	21	7.601836	47.671029
24	22	7.221527	47.785668
24	23	6.823529	47.900307
24	24	6.407843	48.014946
26	-26	6.392727	48.119837
26	-25	6.778182	48.224728
26	-24	7.148520	48.329618
26	-23	7.503743	48.434509
26	-22	7.843850	48.539400
26	-21	8.168841	48.644290
26	-20	8.478717	48.749181
26	-19	8.773476	48.854072
26	-18	9.053119	48.958962
26	-17	9.317647	49.063853
26	-16	9.567059	49.168744
26	-15	9.801355	49.273635
26	-14	10.020535	49.378525
26	-13	10.224599	49.483416
26	-12	10.413547	49.588307
26	-11	10.587380	49.693197
26	-10	10.746096	49.798088
26	-9	10.889697	49.902979
26	-8	11.018182	50.007870
26	-7	11.131551	50.112760
26	-6	11.229804	50.217651
26	-5	11.312941	50.322542
26	-4	11.380963	50.427432
26	-3	11.433868	50.532323
26	-2	11.471658	50.637214
26	-1	11.494332	50.742104
26	0	11.501889	50.846995
26	1	11.494332	50.951886
26	2	11.471658	51.056777
26	3	11.433868	51.161667
26	4	11.380963	51.266558
26	5	11.312941	51.371449
26	6	11.229804	51.476339
26	7	11.131551	51.581230
26	8	11.018182	51.686121
26	9	10.889697	51.791012
26	10	10.746096	51.895902
26	11	10.587380	52.000793
26	12	10.413547	52.105684
26	13	10.224599	52.210574
26	14	10.020535	52.315465
26	15	9.801355	52.420356
26	16	9.567059	52.525246
26	17	9.317647	52.630137
26	18	9.053119	52.735028
26	19	8.773476	52.839919
26	20	8.478717	52.944809
26	21	8.168841	53.049700
26	22	7.843850	53.154591
26	23	7.503743	53.259481
26	24	7.148520	53.364372
26	25	6.778182	53.469263
26	26	6.392727	53.574153
28	-28	6.379661	53.669458
28	-27	6.738983	53.764763
28	-26	7.085239	53.860067
28	-25	7.418428	53.955372
28	-24	7.738552	54.050676
28	-23	8.045609	54.145981
28	-22	8.339599	54.241286
28	-21	8.620524	54.336590
28	-20	8.888382	54.431895
28	-19	9.143174	54.527199
28	-18	9.384900	54.622504
28	-17	9.613559	54.717809
28	-16	9.829153	54.813113
28	-15	10.031680	54.908418
28	-14	10.221140	55.003722
28	-13	10.397535	55.099027
28	-12	10.560863	55.194332
28	-11	10.711125	55.289636
28	-10	10.848320	55.384941
28	-9	10.972450	55.480245
28	-8	11.083513	55.575550
28	-7	11.181510	55.670855
28	-6	11.266441	55.766159
28	-5	11.338305	55.861464
28	-4	11.397103	55.956768
28	-3	11.442835	56.052073
28	-2	11.475501	56.147378
28	-1	11.495100	56.242682
28	0	11.501633	56.337987
28	1	11.495100	56.433291
28	2	11.475501	56.528596
28	3	11.442835	56.623901
28	4	11.397103	56.719205
28	5	11.338305	56.814510
28	6	11.266441	56.909814
28	7	11.181510	57.005119
28	8	11.083513	57.100424
28	9	10.972450	57.195728
28	10	10.848320	57.291033
28	11	10.711125	57.386337
28	12	10.560863	57.481642
28	13	10.397535	57.576947
28	14	10.221140	57.672251
28	15	10.031680	57.767556
28	16	9.829153	57.862860
28	17	9.613559	57.958165
28	18	9.384900	58.053470
28	19	9.143174	58.148774
28	20	8.888382	58.244079
28	21	8.620524	58.339383
28	22	8.339599	58.434688
28	23	8.045609	58.529992
28	24	7.738552	58.625297
28	25	7.418428	58.720602
28	26	7.085239	58.815906
28	27	6.738983	58.911211
28	28	6.379661	59.006515
30	-30	6.368254	59.092509
30	-29	6.704762	59.178502
30	-28	7.029863	59.264495
30	-27	7.343557	59.350488
30	-26	7.645843	59.436481
30	-25	7.936723	59.522474
30	-24	8.216196	59.608467
30	-23	8.484262	59.694460
30	-22	8.740920	59.780453
30	-21	8.986172	59.866446
30	-20	9.220016	59.952439
30	-19	9.442454	60.038433
30	-18	9.653484	60.124426
30	-17	9.853107	60.210419
30	-16	10.041324	60.296412
30	-15	10.218133	60.382405
30	-14	10.383535	60.468398
30	-13	10.537530	60.554391
30	-12	10.680118	60.640384
30	-11	10.811299	60.726377
30	-10	10.931073	60.812370
30	-9	11.039440	60.898363
30	-8	11.136400	60.984357
30	-7	11.221953	61.070350
30	-6	11.296099	61.156343
30	-5	11.358838	61.242336
30	-4	11.410169	61.328329
30	-3	11.450094	61.414322
30	-2	11.478612	61.500315
30	-1	11.495722	61.586308
30	0	11.501426	61.672301
30	1	11.495722	61.758294
30	2	11.478612	61.844287
30	3	11.450094	61.930281
30	4	11.410169	62.016274
30	5	11.358838	62.102267
30	6	11.296099	62.188260
30	7	11.221953	62.274253
30	8	11.136400	62.360246
30	9	11.039440	62.446239
30	10	10.931073	62.532232
30	11	10.811299	62.618225
30	12	10.680118	62.704218
30	13	10.537530	62.790211
30	14	10.383535	62.876205
30	15	10.218133	62.962198
30	16	10.041324	63.048191
30	17	9.853107	63.134184
30	18	9.653484	63.220177
30	19	9.442454	63.306170
30	20	9.220016	63.392163
30	21	8.986172	63.478156
30	22	8.740920	63.564149
30	23	8.484262	63.650142
30	24	8.216196	63.736135
30	25	7.936723	63.822128
30	26	7.645843	63.908122
30	27	7.343557	63.994115
30	28	7.029863	64.080108
30	29	6.704762	64.166101
30	30	6.368254	64.252094
32	-32	6.358209	64.329146
32	-31	6.674627	64.406199
32	-30	6.981000	64.483251
32	-29	7.277328	64.560303
32	-28	7.563611	64.637356
32	-27	7.839848	64.714408
32	-26	8.106041	64.791461
32	-25	8.362189	64.868513
32	-24	8.608292	64.945565
32	-23	8.844350	65.022618
32	-22	9.070362	65.099670
32	-21	9.286330	65.176723
32	-20	9.492253	65.253775
32	-19	9.688131	65.330827
32	-18	9.873964	65.407880
32	-17	10.049751	65.484932
32	-16	10.215494	65.561985
32	-15	10.371192	65.639037
32	-14	10.516844	65.716089
32	-13	10.652452	65.793142
32	-12	10.778015	65.870194
32	-11	10.893532	65.947247
32	-10	10.999005	66.024299
32	-9	11.094433	66.101351
32	-8	11.179815	66.178404
32	-7	11.255153	66.255456
32	-6	11.320445	66.332508
32	-5	11.375693	66.409561
32	-4	11.420896	66.486613
32	-3	11.456053	66.563666
32	-2	11.481166	66.640718
32	-1	11.496233	66.717770
32	0	11.501256	66.794823
32	1	11.496233	66.871875
32	2	11.481166	66.948928
32	3	11.456053	67.025980
32	4	11.420896	67.103032
32	5	11.375693	67.180085
32	6	11.320445	67.257137
32	7	11.255153	67.334190
32	8	11.179815	67.411242
32	9	11.094433	67.488294
32	10	10.999005	67.565347
32	11	10.893532	67.642399
32	12	10.778015	67.719452
32	13	10.652452	67.796504
32	14	10.516844	67.873556
32	15	10.371192	67.950609
32	16	10.215494	68.027661
32	17	10.049751	68.104713
32	18	9.873964	68.181766
32	19	9.688131	68.258818
32	20	9.492253	68.335871
32	21	9.286330	68.412923
32	22	9.070362	68.489975
32	23	8.844350	68.567028
32	24	8.608292	68.644080
32	25	8.362189	68.721133
32	26	8.106041	68.798185
32	27	7.839848	68.875237
32	28	7.563611	68.952290
32	29	7.277328	69.029342
32	30	6.981000	69.106395
32	31	6.674627	69.183447
32	32	6.358209	69.260499
34	-34	6.349296	69.329061
34	-33	6.647887	69.397623
34	-32	6.937566	69.466184
34	-31	7.218331	69.534746
34	-30	7.490183	69.603308
34	-29	7.753122	69.671869
34	-28	8.007147	69.740431
34	-27	8.252260	69.808993
34	-26	8.488459	69.877555
34	-25	8.715745	69.946116
34	-24	8.934118	70.014678
34	-23	9.143578	70.083240
34	-22	9.344124	70.151801
34	-21	9.535758	70.220363
34	-20	9.718478	70.288925
34	-19	9.892285	70.357486
34	-18	10.057179	70.426048
34	-17	10.213160	70.494610
34	-16	10.360227	70.563172
34	-15	10.498381	70.631733
34	-14	10.627622	70.700295
34	-13	10.747950	70.768857
34	-12	10.859365	70.837418
34	-11	10.961867	70.905980
34	-10	11.055455	70.974542
34	-9	11.140130	71.043103
34	-8	11.215892	71.111665
34	-7	11.282741	71.180227
34	-6	11.340677	71.248788
34	-5	11.389699	71.317350
34	-4	11.429809	71.385912
34	-3	11.461005	71.454474
34	-2	11.483288	71.523035
34	-1	11.496658	71.591597
34	0	11.501114	71.660159
34	1	11.496658	71.728720
34	2	11.483288	71.797282
34	3	11.461005	71.865844
34	4	11.429809	71.934405
34	5	11.389699	72.002967
34	6	11.340677	72.071529
34	7	11.282741	72.140091
34	8	11.215892	72.208652
34	9	11.140130	72.277214
34	10	11.055455	72.345776
34	11	10.961867	72.414337
34	12	10.859365	72.482899
34	13	10.747950	72.551461
34	14	10.627622	72.620022
34	15	10.498381	72.688584
34	16	10.360227	72.757146
34	17	10.213160	72.825707
34	18	10.057179	72.894269
34	19	9.892285	72.962831
34	20	9.718478	73.031393
34	21	9.535758	73.099954
34	22	9.344124	73.168516
34	23	9.143578	73.237078
34	24	8.934118	73.305639
34	25	8.715745	73.374201
34	26	8.488459	73.442763
34	27	8.252260	73.511324
34	28	8.007147	73.579886
34	29	7.753122	73.648448
34	30	7.490183	73.717009
34	31	7.218331	73.785571
34	32	6.937566	73.854133
34	33	6.647887	73.922695
34	34	6.349296	73.991256
36	-36	6.341333	74.051839
36	-35	6.624000	74.112422
36	-34	6.898704	74.173005
36	-33	7.165446	74.233588
36	-32	7.424225	74.294171
36	-31	7.675042	74.354753
36	-30	7.917897	74.415336
36	-29	8.152789	74.475919
36	-28	8.379718	74.536502
36	-27	8.598685	74.597085
36	-26	8.809690	74.657668
36	-25	9.012732	74.718251
36	-24	9.207812	74.778834
36	-23	9.394930	74.839416
36	-22	9.574085	74.899999
36	-21	9.745277	74.960582
36	-20	9.908507	75.021165
36	-19	10.063775	75.081748
36	-18	10.211080	75.142331
36	-17	10.350423	75.202914
36	-16	10.481803	75.263497
36	-15	10.605221	75.324079
36	-14	10.720676	75.384662
36	-13	10.828169	75.445245
36	-12	10.927700	75.505828
36	-11	11.019268	75.566411
36	-10	11.102873	75.626994
36	-9	11.178516	75.687577
36	-8	11.246197	75.748159
36	-7	11.305915	75.808742
36	-6	11.357671	75.869325
36	-5	11.401465	75.929908
36	-4	11.437296	75.990491
36	-3	11.465164	76.051074
36	-2	11.485070	76.111657
36	-1	11.497014	76.172240
36	0	11.500995	76.232822
36	1	11.497014	76.293405
36	2	11.485070	76.353988
36	3	11.465164	76.414571
36	4	11.437296	76.475154
36	5	11.401465	76.535737
36	6	11.357671	76.596320
36	7	11.305915	76.656902
36	8	11.246197	76.717485
36	9	11.178516	76.778068
36	10	11.102873	76.838651
36	11	11.019268	76.899234
36	12	10.927700	76.959817
36	13	10.828169	77.020400
36	14	10.720676	77.080983
36	15	10.605221	77.141565
36	16	10.481803	77.202148
36	17	10.350423	77.262731
36	18	10.211080	77.323314
36	19	10.063775	77.383897
36	20	9.908507	77.444480
36	21	9.745277	77.505063
36	22	9.574085	77.565646
36	23	9.394930	77.626228
36	24	9.207812	77.686811
36	25	9.012732	77.747394
36	26	8.809690	77.807977
36	27	8.598685	77.868560
36	28	8.379718	77.929143
36	29	8.152789	77.989726
36	30	7.917897	78.050308
36	31	7.675042	78.110891
36	32	7.424225	78.171474
36	33	7.165446	78.232057
36	34	6.898704	78.292640
36	35	6.624000	78.353223
36	36	6.341333	78.413806
38	-38	6.334177	78.466966
38	-37	6.602532	78.520127
38	-36	6.863730	78.573288
38	-35	7.117772	78.626449
38	-34	7.364658	78.679609
38	-33	7.604388	78.732770
38	-32	7.836962	78.785931
38	-31	8.062380	78.839092
38	-30	8.280641	78.892252
38	-29	8.491747	78.945413
38	-28	8.695696	78.998574
38	-27	8.892489	79.051735
38	-26	9.082127	79.104895
38	-25	9.264608	79.158056
38	-24	9.439932	79.211217
38	-23	9.608101	79.264377
38	-22	9.769114	79.317538
38	-21	9.922970	79.370699
38	-20	10.069671	79.423860
38	-19	10.209215	79.477020
38	-18	10.341603	79.530181
38	-17	10.466835	79.583342
38	-16	10.584911	79.636503
38	-15	10.695831	79.689663
38	-14	10.799595	79.742824
38	-13	10.896203	79.795985
38	-12	10.985654	79.849146
38	-11	11.067949	79.902306
38	-10	11.143089	79.955467
38	-9	11.211072	80.008628
38	-8	11.271899	80.061789
38	-7	11.325570	80.114949
38	-6	11.372084	80.168110
38	-5	11.411443	80.221271
38	-4	11.443646	80.274431
38	-3	11.468692	80.327592
38	-2	11.486582	80.380753
38	-1	11.497316	80.433914
38	0	11.500895	80.487074
38	1	11.497316	80.540235
38	2	11.486582	80.593396
38	3	11.468692	80.646557
38	4	11.443646	80.699717
38	5	11.411443	80.752878
38	6	11.372084	80.806039
38	7	11.325570	80.859200
38	8	11.271899	80.912360
38	9	11.211072	80.965521
38	10	11.143089	81.018682
38	11	11.067949	81.071842
38	12	10.985654	81.125003
38	13	10.896203	81.178164
38	14	10.799595	81.231325
38	15	10.695831	81.284485
38	16	10.584911	81.337646
38	17	10.466835	81.390807
38	18	10.341603	81.443968
38	19	10.209215	81.497128
38	20	10.069671	81.550289
38	21	9.922970	81.603450
38	22	9.769114	81.656611
38	23	9.608101	81.709771
38	24	9.439932	81.762932
38	25	9.264608	81.816093
38	26	9.082127	81.869254
38	27	8.892489	81.922414
38	28	8.695696	81.975575
38	29	8.491747	82.028736
38	30	8.280641	82.081896
38	31	8.062380	82.135057
38	32	7.836962	82.188218
38	33	7.604388	82.241379
38	34	7.364658	82.294539
38	35	7.117772	82.347700
38	36	6.863730	82.400861
38	37	6.602532	82.454022
38	38	6.334177	82.507182
40	-40	6.327711	82.553506
40	-39	6.583133	82.599830
40	-38	6.832088	82.646154
40	-37	7.074577	82.692478
40	-36	7.310599	82.738802
40	-35	7.540156	82.785126
40	-34	7.763245	82.831450
40	-33	7.979869	82.877773
40	-32	8.190026	82.924097
40	-31	8.393717	82.970421
40	-30	8.590941	83.016745
40	-29	8.781699	83.063069
40	-28	8.965991	83.109393
40	-27	9.143816	83.155717
40	-26	9.315175	83.202041
40	-25	9.480067	83.248365
40	-24	9.638493	83.294688
40	-23	9.790453	83.341012
40	-22	9.935946	83.387336
40	-21	10.074973	83.433660
40	-20	10.207534	83.479984
40	-19	10.333628	83.526308
40	-18	10.453256	83.572632
40	-17	10.566418	83.618956
40	-16	10.673113	83.665280
40	-15	10.773341	83.711603
40	-14	10.867104	83.757927
40	-13	10.954400	83.804251
40	-12	11.035230	83.850575
40	-11	11.109593	83.896899
40	-10	11.177490	83.943223
40	-9	11.238920	83.989547
40	-8	11.293884	84.035871
40	-7	11.342382	84.082195
40	-6	11.384414	84.128518
40	-5	11.419979	84.174842
40	-4	11.449077	84.221166
40	-3	11.471710	84.267490
40	-2	11.487876	84.313814
40	-1	11.497575	84.360138
40	0	11.500808	84.406462
40	1	11.497575	84.452786
40	2	11.487876	84.499110
40	3	11.471710	84.545433
40	4	11.449077	84.591757
40	5	11.419979	84.638081
40	6	11.384414	84.684405
40	7	11.342382	84.730729
40	8	11.293884	84.777053
40	9	11.238920	84.823377
40	10	11.177490	84.869701
40	11	11.109593	84.916024
40	12	11.035230	84.962348
40	13	10.954400	85.008672
40	14	10.867104	85.054996
40	15	10.773341	85.101320
40	16	10.673113	85.147644
40	17	10.566418	85.193968
40	18	10.453256	85.240292
40	19	10.333628	85.286616
40	20	10.207534	85.332939
40	21	10.074973	85.379263
40	22	9.935946	85.425587
40	23	9.790453	85.471911
40	24	9.638493	85.518235
40	25	9.480067	85.564559
40	26	9.315175	85.610883
40	27	9.143816	85.657207
40	28	8.965991	85.703531
40	29	8.781699	85.749854
40	30	8.590941	85.796178
40	31	8.393717	85.842502
40	32	8.190026	85.888826
40	33	7.979869	85.935150
40	34	7.763245	85.981474
40	35	7.540156	86.027798
40	36	7.310599	86.074122
40	37	7.074577	86.120446
40	38	6.832088	86.166769
40	39	6.583133	86.213093
40	40	6.327711	86.259417
42	-42	6.321839	86.299503
42	-41	6.565517	86.339589
42	-40	6.803324	86.379675
42	-39	7.035258	86.419761
42	-38	7.261321	86.459847
42	-37	7.481512	86.499933
42	-36	7.695832	86.540019
42	-35	7.904279	86.580105
42	-34	8.106855	86.620191
42	-33	8.303559	86.660276
42	-32	8.494391	86.700362
42	-31	8.679352	86.740448
42	-30	8.858441	86.780534
42	-29	9.031658	86.820620
42	-28	9.199003	86.860706
42	-27	9.360476	86.900792
42	-26	9.516078	86.940878
42	-25	9.665808	86.980964
42	-24	9.809666	87.021050
42	-23	9.947653	87.061136
42	-22	10.079767	87.101222
42	-21	10.206010	87.141307
42	-20	10.326381	87.181393
42	-19	10.440881	87.221479
42	-18	10.549508	87.261565
42	-17	10.652264	87.301651
42	-16	10.749148	87.341737
42	-15	10.840161	87.381823
42	-14	10.925301	87.421909
42	-13	11.004570	87.461995
42	-12	11.077967	87.502081
42	-11	11.145492	87.542167
42	-10	11.207146	87.582253
42	-9	11.262928	87.622339
42	-8	11.312838	87.662424
42	-7	11.356876	87.702510
42	-6	11.395042	87.742596
42	-5	11.427337	87.782682
42	-4	11.453760	87.822768
42	-3	11.474311	87.862854
42	-2	11.488990	87.902940
42	-1	11.497798	87.943026
42	0	11.500734	87.983112
42	1	11.497798	88.023198
42	2	11.488990	88.063284
42	3	11.474311	88.103370
42	4	11.453760	88.143456
42	5	11.427337	88.183541
42	6	11.395042	88.223627
42	7	11.356876	88.263713
42	8	11.312838	88.303799
42	9	11.262928	88.343885
42	10	11.207146	88.383971
42	11	11.145492	88.424057
42	12	11.077967	88.464143
42	13	11.004570	88.504229
42	14	10.925301	88.544315
42	15	10.840161	88.584401
42	16	10.749148	88.624487
42	17	10.652264	88.664572
42	18	10.549508	88.704658
42	19	10.440881	88.744744
42	20	10.326381	88.784830
42	21	10.206010	88.824916
42	22	10.079767	88.865002
42	23	9.947653	88.905088
42	24	9.809666	88.945174
42	25	9.665808	88.985260
42	26	9.516078	89.025346
42	27	9.360476	89.065432
42	28	9.199003	89.105518
42	29	9.031658	89.145604
42	30	8.858441	89.185689
42	31	8.679352	89.225775
42	32	8.494391	89.265861
42	33	8.303559	89.305947
42	34	8.106855	89.346033
42	35	7.904279	89.386119
42	36	7.695832	89.426205
42	37	7.481512	89.466291
42	38	7.261321	89.506377
42	39	7.035258	89.546463
42	40	6.803324	89.586549
42	41	6.565517	89.626635
42	42	6.321839	89.666721
44	-44	6.316484	89.701168
44	-43	6.549451	89.735615
44	-42	6.777062	89.770062
44	-41	6.999318	89.804509
44	-40	7.216218	89.838956
44	-39	7.427763	89.873403
44	-38	7.633952	89.907850
44	-37	7.834786	89.942297
44	-36	8.030264	89.976744
44	-35	8.220387	90.011191
44	-34	8.405153	90.045638
44	-33	8.584565	90.080085
44	-32	8.758621	90.114532
44	-31	8.927321	90.148979
44	-30	9.090666	90.183426
44	-29	9.248655	90.217873
44	-28	9.401288	90.252320
44	-27	9.548566	90.286767
44	-26	9.690489	90.321214
44	-25	9.827056	90.355661
44	-24	9.958267	90.390108
44	-23	10.084123	90.424555
44	-22	10.204623	90.459002
44	-21	10.319768	90.493449
44	-20	10.429557	90.527896
44	-19	10.533990	90.562343
44	-18	10.633068	90.596790
44	-17	10.726790	90.631237
44	-16	10.815157	90.665684
44	-15	10.898168	90.700131
44	-14	10.975824	90.734578
44	-13	11.048124	90.769025
44	-12	11.115069	90.803472
44	-11	11.176658	90.837919
44	-10	11.232891	90.872366
44	-9	11.283769	90.906813
44	-8	11.329291	90.941260
44	-7	11.369458	90.975707
44	-6	11.404269	91.010154
44	-5	11.433725	91.044601
44	-4	11.457825	91.079048
44	-3	11.476569	91.113495
44	-2	11.489958	91.147942
44	-1	11.497992	91.182389
44	0	11.500669	91.216836
44	1	11.497992	91.251283
44	2	11.489958	91.285730
44	3	11.476569	91.320177
44	4	11.457825	91.354624
44	5	11.433725	91.389071
44	6	11.404269	91.423518
44	7	11.369458	91.457965
44	8	11.329291	91.492412
44	9	11.283769	91.526859
44	10	11.232891	91.561306
44	11	11.176658	91.595753
44	12	11.115069	91.630200
44	13	11.048124	91.664647
44	14	10.975824	91.699094
44	15	10.898168	91.733541
44	16	10.815157	91.767988
44	17	10.726790	91.802436
44	18	10.633068	91.836883
44	19	10.533990	91.871330
44	20	10.429557	91.905777
44	21	10.319768	91.940224
44	22	10.204623	91.974671
44	23	10.084123	92.009118
44	24	9.958267	92.043565
44	25	9.827056	92.078012
44	26	9.690489	92.112459
44	27	9.548566	92.146906
44	28	9.401288	92.181353
44	29	9.248655	92.215800
44	30	9.090666	92.250247
44	31	8.927321	92.284694
44	32	8.758621	92.319141
44	33	8.584565	92.353588
44	34	8.405153	92.388035
44	35	8.220387	92.422482
44	36	8.030264	92.456929
44	37	7.834786	92.491376
44	38	7.633952	92.525823
44	39	7.427763	92.560270
44	40	7.216218	92.594717
44	41	6.999318	92.629164
44	42	6.777062	92.663611
44	43	6.549451	92.698058
44	44	6.316484	92.732505
46	-46	6.311579	92.761901
46	-45	6.534737	92.791296
46	-44	6.752990	92.820692
46	-43	6.966339	92.850088
46	-42	7.174783	92.879484
46	-41	7.378323	92.908879
46	-40	7.576958	92.938275
46	-39	7.770688	92.967671
46	-38	7.959514	92.997066
46	-37	8.143436	93.026462
46	-36	8.322452	93.055858
46	-35	8.496564	93.085254
46	-34	8.665772	93.114649
46	-33	8.830075	93.144045
46	-32	8.989474	93.173441
46	-31	9.143968	93.202837
46	-30	9.293557	93.232232
46	-29	9.438242	93.261628
46	-28	9.578022	93.291024
46	-27	9.712898	93.320419
46	-26	9.842869	93.349815
46	-25	9.967935	93.379211
46	-24	10.088097	93.408607
46	-23	10.203355	93.438002
46	-22	10.313707	93.467398
46	-21	10.419156	93.496794
46	-20	10.519699	93.526190
46	-19	10.615338	93.555585
46	-18	10.706073	93.584981
46	-17	10.791903	93.614377
46	-16	10.872828	93.643772
46	-15	10.948849	93.673168
46	-14	11.019965	93.702564
46	-13	11.086177	93.731960
46	-12	11.147484	93.761355
46	-11	11.203887	93.790751
46	-10	11.255385	93.820147
46	-9	11.301978	93.849543
46	-8	11.343667	93.878938
46	-7	11.380451	93.908334
46	-6	11.412331	93.937730
46	-5	11.439306	93.967125
46	-4	11.461377	93.996521
46	-3	11.478543	94.025917
46	-2	11.490804	94.055313
46	-1	11.498161	94.084708
46	0	11.500613	94.114104
46	1	11.498161	94.143500
46	2	11.490804	94.172896
46	3	11.478543	94.202291
46	4	11.461377	94.231687
46	5	11.439306	94.261083
46	6	11.412331	94.290478
46	7	11.380451	94.319874
46	8	11.343667	94.349270
46	9	11.301978	94.378666
46	10	11.255385	94.408061
46	11	11.203887	94.437457
46	12	11.147484	94.466853
46	13	11.086177	94.496249
46	14	11.019965	94.525644
46	15	10.948849	94.555040
46	16	10.872828	94.584436
46	17	10.791903	94.613831
46	18	10.706073	94.643227
46	19	10.615338	94.672623
46	20	10.519699	94.702019
46	21	10.419156	94.731414
46	22	10.313707	94.760810
46	23	10.203355	94.790206
46	24	10.088097	94.819602
46	25	9.967935	94.848997
46	26	9.842869	94.878393
46	27	9.712898	94.907789
46	28	9.578022	94.937184
46	29	9.438242	94.966580
46	30	9.293557	94.995976
46	31	9.143968	95.025372
46	32	8.989474	95.054767
46	33	8.830075	95.084163
46	34	8.665772	95.113559
46	35	8.496564	95.142955
46	36	8.322452	95.172350
46	37	8.143436	95.201746
46	38	7.959514	95.231142
46	39	7.770688	95.260537
46	40	7.576958	95.289933
46	41	7.378323	95.319329
46	42	7.174783	95.348725
46	43	6.966339	95.378120
46	44	6.752990	95.407516
46	45	6.534737	95.436912
46	46	6.311579	95.466307
48	-48	6.307071	95.491218
48	-47	6.521212	95.516129
48	-46	6.730845	95.541040
48	-45	6.935970	95.565951
48	-44	7.136587	95.590862
48	-43	7.332695	95.615773
48	-42	7.524296	95.640684
48	-41	7.711388	95.665595
48	-40	7.893971	95.690506
48	-39	8.072047	95.715417
48	-38	8.245614	95.740328
48	-37	8.414673	95.765238
48	-36	8.579224	95.790149
48	-35	8.739266	95.815060
48	-34	8.894801	95.839971
48	-33	9.045827	95.864882
48	-32	9.192344	95.889793
48	-31	9.334354	95.914704
48	-30	9.471855	95.939615
48	-29	9.604848	95.964526
48	-28	9.733333	95.989437
48	-27	9.857310	96.014348
48	-26	9.976778	96.039259
48	-25	10.091738	96.064169
48	-24	10.202190	96.089080
48	-23	10.308134	96.113991
48	-22	10.409569	96.138902
48	-21	10.506497	96.163813
48	-20	10.598915	96.188724
48	-19	10.686826	96.213635
48	-18	10.770229	96.238546
48	-17	10.849123	96.263457
48	-16	10.923509	96.288368
48	-15	10.993386	96.313279
48	-14	11.058756	96.338189
48	-13	11.119617	96.363100
48	-12	11.175970	96.388011
48	-11	11.227815	96.412922
48	-10	11.275152	96.437833
48	-9	11.317980	96.462744
48	-8	11.356300	96.487655
48	-7	11.390112	96.512566
48	-6	11.419415	96.537477
48	-5	11.444211	96.562388
48	-4	11.464498	96.587299
48	-3	11.480276	96.612210
48	-2	11.491547	96.637120
48	-1	11.498309	96.662031
48	0	11.500564	96.686942
48	1	11.498309	96.711853
48	2	11.491547	96.736764
48	3	11.480276	96.761675
48	4	11.464498	96.786586
48	5	11.444211	96.811497
48	6	11.419415	96.836408
48	7	11.390112	96.861319
48	8	11.356300	96.886230
48	9	11.317980	96.911140
48	10	11.275152	96.936051
48	11	11.227815	96.960962
48	12	11.175970	96.985873
48	13	11.119617	97.010784
48	14	11.058756	97.035695
48	15	10.993386	97.060606
48	16	10.923509	97.085517
48	17	10.849123	97.110428
48	18	10.770229	97.135339
48	19	10.686826	97.160250
48	20	10.598915	97.185161
48	21	10.506497	97.210071
48	22	10.409569	97.234982
48	23	10.308134	97.259893
48	24	10.202190	97.284804
48	25	10.091738	97.309715
48	26	9.976778	97.334626
48	27	9.857310	97.359537
48	28	9.733333	97.384448
48	29	9.604848	97.409359
48	30	9.471855	97.434270
48	31	9.334354	97.459181
48	32	9.192344	97.484091
48	33	9.045827	97.509002
48	34	8.894801	97.533913
48	35	8.739266	97.558824
48	36	8.579224	97.583735
48	37	8.414673	97.608646
48	38	8.245614	97.633557
48	39	8.072047	97.658468
48	40	7.893971	97.683379
48	41	7.711388	97.708290
48	42	7.524296	97.733201
48	43	7.332695	97.758112
48	44	7.136587	97.783022
48	45	6.935970	97.807933
48	46	6.730845	97.832844
48	47	6.521212	97.857755
48	48	6.307071	97.882666
50	-50	6.302913	97.903630
50	-49	6.508738	97.924594
50	-48	6.710405	97.945557
50	-47	6.907914	97.966521
50	-46	7.101265	97.987485
50	-45	7.290458	98.008448
50	-44	7.475493	98.029412
50	-43	7.656370	98.050376
50	-42	7.833088	98.071339
50	-41	8.005649	98.092303
50	-40	8.174051	98.113267
50	-39	8.338296	98.134231
50	-38	8.498382	98.155194
50	-37	8.654310	98.176158
50	-36	8.806080	98.197122
50	-35	8.953692	98.218085
50	-34	9.097146	98.239049
50	-33	9.236442	98.260013
50	-32	9.371580	98.280976
50	-31	9.502560	98.301940
50	-30	9.629381	98.322904
50	-29	9.752045	98.343868
50	-28	9.870550	98.364831
50	-27	9.984898	98.385795
50	-26	10.095087	98.406759
50	-25	10.201118	98.427722
50	-24	10.302991	98.448686
50	-23	10.400706	98.469650
50	-22	10.494263	98.490613
50	-21	10.583662	98.511577
50	-20	10.668903	98.532541
50	-19	10.749985	98.553505
50	-18	10.826910	98.574468
50	-17	10.899676	98.595432
50	-16	10.968285	98.616396
50	-15	11.032735	98.637359
50	-14	11.093027	98.658323
50	-13	11.149162	98.679287
50	-12	11.201138	98.700250
50	-11	11.248956	98.721214
50	-10	11.292615	98.742178
50	-9	11.332117	98.763142
50	-8	11.367461	98.784105
50	-7	11.398647	98.805069
50	-6	11.425674	98.826033
50	-5	11.448544	98.846996
50	-4	11.467255	98.867960
50	-3	11.481808	98.888924
50	-2	11.492204	98.909888
50	-1	11.498441	98.930851
50	0	11.500520	98.951815
50	1	11.498441	98.972779
50	2	11.492204	98.993742
50	3	11.481808	99.014706
50	4	11.467255	99.035670
50	5	11.448544	99.056633
50	6	11.425674	99.077597
50	7	11.398647	99.098561
50	8	11.367461	99.119525
50	9	11.332117	99.140488
50	10	11.292615	99.161452
50	11	11.248956	99.182416
50	12	11.201138	99.203379
50	13	11.149162	99.224343
50	14	11.093027	99.245307
50	15	11.032735	99.266270
50	16	10.968285	99.287234
50	17	10.899676	99.308198
50	18	10.826910	99.329162
50	19	10.749985	99.350125
50	20	10.668903	99.371089
50	21	10.583662	99.392053
50	22	10.494263	99.413016
50	23	10.400706	99.433980
50	24	10.302991	99.454944
50	25	10.201118	99.475907
50	26	10.095087	99.496871
50	27	9.984898	99.517835
50	28	9.870550	99.538799
50	29	9.752045	99.559762
50	30	9.629381	99.580726
50	31	9.502560	99.601690
50	32	9.371580	99.622653
50	33	9.236442	99.643617
50	34	9.097146	99.664581
50	35	8.953692	99.685544
50	36	8.806080	99.706508
50	37	8.654310	99.727472
50	38	8.498382	99.748436
50	39	8.338296	99.769399
50	40	8.174051	99.790363
50	41	8.005649	99.811327
50	42	7.833088	99.832290
50	43	7.656370	99.853254
50	44	7.475493	99.874218
50	45	7.290458	99.895181
50	46	7.101265	99.916145
50	47	6.907914	99.937109
50	48	6.710405	99.958073
50	49	6.508738	99.979036
50	50	6.302913	100.000000
